1005 1007 1006 8046
1001 1000 1006 1009
1001 1005 1004 2539
1005 1003 1003 1008
1006 1000 1007 1002
1002 1009 1005 1006
2705 1000 6331 1001
1004 1007 1004 1004
1000 1001 1008 1004
1002 1002 1003 1002
1009 1007 1000 1006
1003 1008 1007 1007
5054 1004 1003 1000
1004 1005 1008 1006
1000 1000 1007 1008
1007 1005 1005 1006
1007 1005 1003 1001
1005 2747 1009 1000
3187 1005 1006 1005
1001 1008 1001 1005
1002 1002 2430 1002
1005 1001 6380 1001
1002 1008 5821 1001
1004 1007 9554 1007
1008 1009 1009 1001
1009 1008 1004 1003
4382 1009 1008 1003
1004 1001 1007 1009
1009 1009 1007 1005
5385 1005 1003 1001
1001 1001 1006 1008
1003 1007 1006 1001
1008 1008 1002 1005
1001 9687 1003 1008
1004 1004 1007 1000
1003 1006 1001 1007
1001 1007 1008 1005
1009 1008 1008 1008
1008 1001 1000 1001
1007 1002 1000 1000
3149 1002 1001 1007
1001 1000 1003 7927
7974 1008 1008 1001
1001 1006 1004 1001
5744 1000 1004 1007
1003 1006 1001 1000
1006 1003 1008 1008
1002 1008 1001 1007
5090 1006 1009 1008
1000 4245 1004 1007