65 47 28 31
49 99 40 48
51 46 57 13
71 43 24 87
13 88 71 92
82 35 47 50
44 33 87 72
36 23 29 18
20 67 23 44
15 34 85 68
10 97 70 78
19 23 86 12
56 45 29 96
80 27 12 70
69 71 57 58
65 93 39 61
94 74 39 86
98 56 40 33
44 66 25 19
88 70 86 62
17 49 27 15
69 19 92 98
16 31 60 54
12 82 38 33
30 25 59 90
21 35 59 47
30 29 85 99
98 76 61 57
46 67 59 61
22 22 75 94
28 10 99 18
70 34 64 58
77 32 41 50
11 77 45 87
16 89 49 18
54 95 97 36
33 97 71 66
73 27 39 91
35 42 65 94
29 55 74 19
37 88 38 61
52 43 37 32
83 45 34 38
16 56 37 47
62 91 26 78
63 57 83 79
58 11 82 21
93 74 66 14
78 62 85 46
65 35 77 75
59 88 22 92
11 45 17 16
60 64 53 39
74 79 92 18
66 68 14 30
41 32 83 10
91 15 93 18
58 27 37 72
55 67 40 21
62 31 27 44
20 95 95 46
25 22 51 84
90 42 48 42
43 40 73 93
34 13 84 98
24 22 20 14
63 21 50 10
20 53 21 50
91 80 11 96
89 26 76 73
84 96 43 75
80 54 53 51
36 55 29 72
69 11 48 38
24 77 14 38
43 79 23 15
20 63 94 40
60 55 81 52
52 12 81 52
35 53 99 63
76 26 80 60
64 36 76 84
25 13 83 28
19 64 36 39
25 90 26 33
24 48 81 73
96 68 85 51
78 26 17 69
12 56 13 24
32 34 15 44
23 81 16 30
89 75 95 97
90 72 17 45
82 46 87 28
31 89 68 49
67 54 41 42
30 42 86 41
79 14 37 17
41 28 31 32