150710
188522
149338
192708
107639
137279
108962
132576
107715
198518
103698
151250
103099
114390
142618
145940
145271
176141
170509
146785
136099
167517
140668
172447
111451
118604
198900
191137
102078
155754
169420
108272
162813
162388
118250
121171
174890
178963
185304
147898
116011
125997
148299
194521
138724
154977
146063
193046
192836
106198
156168
178329
104451
181532
103114
198177
161420
111873
160956
183416
194080
138950
143877
166142
158267
125159
139890
119840
126019
155231
178956
188695
118587
148424
113657
100329
105447
167639
145874
151161
170647
187160
178633
111640
176453
134094
195816
112733
124765
147851
148552
126374
198210
100163
155346
128164
192638
146866
143885
134852