3505 3068
3804 3277
3801 3289
3921 3211
3609 3402
3713 3196
3764 3263
3924 3434
3762 3129
3970 2602
3604 2695
3607 2999
3510 3347
3973 3117
3765 3328
3727 2605
3592 2685
3644 3024
3692 3290
3821 3333
3887 3355
3662 3050
3957 2930
3606 3352
3567 2975
3865 2783
3745 3125
3995 2726
3923 2870
3723 2583
3516 3105
3985 3037
3728 3270
3663 3379
3844 3283
3623 2844
3927 2964
3880 3451
3732 3366
3906 3036
3719 2787
3965 2991
3803 2657
3874 3307
3797 3469
3953 2679
3624 3280
3541 3090
3830 2510
3878 2874
3669 3292
3893 3389
3645 3316
3666 2681
3699 2915
3580 2614
3969 3281
3899 2650
3528 2553
3914 2882
3716 2612
3581 3041
3889 2841
3560 3015
3571 2994
3847 3313
3936 2589
3997 3151
3733 2857
3610 2594
3502 2986
3544 2573
3597 3423
3748 2656
3862 2905
3975 2500
3650 2886
3848 3021
3599 2825
3507 3044
3956 3233
3779 3345
3747 3162
3629 2795
3951 2754
3843 3452
3827 2666
3770 2799
3582 3407
3641 3150
3634 3165
3815 3442
3525 2585
3766 3168
3946 3446
3992 3220
3614 3154
3978 2788
3881 3028
3999 2587
4000 3383
3855 3025
3749 2619
3904 3490
3786 2532
3649 2748
3682 2537
3767 2961
3768 3048
3929 3476
3689 3393
3711 3363
3706 2987
3945 2818
3709 3372
3558 2731
3842 3170
3983 2503
3546 3157
3888 3483
3828 2860
3717 2582
3905 2703
3668 2932
3630 2567
3987 3066
3708 2752
3532 2722
3679 3298
3671 2992
3563 2633
3826 3093
3501 3353
3511 3324
3656 3384
3942 3327
3701 3465
3647 3410
3506 2766
3814 2562
3805 2741
3698 3400
3514 2682
3852 3188
3651 2842
3595 3247
3712 2794
3625 2981
3519 2762
3552 2576
3976 3325
10 10
3589 2660
3642 2941
3818 3474
3788 2508
3759 3190
3652 2501
3793 2665
3971 2862
3792 3273
3536 3127
3583 3203
3925 3266
3696 3488
3577 2829
3691 2664
3952 2644
3695 2925
3547 2556
3639 3132
3919 3166
3784 2995
3537 2781
3565 3080
3967 3205
3683 3331
3901 2895
3869 2893
3746 3054
3572 3022
3981 2675
3849 2872
3918 3494
3557 2659
3998 3485
3612 2693
3664 2926
3643 2674
3859 3386
3667 3398
3872 2929
3834 2912
3658 2809
3684 3459
3542 2670
3556 3141
3605 2776
3611 2539
3968 2826
3569 2658
3934 3482
3894 3429
3524 2723
3950 3218
3616 2749
3911 2586
3794 3144
3932 2558
3750 3183
3627 2611
3635 2642
3578 2601
3920 2859
3756 2518
3960 3286
3681 2511
3553 2520
3937 2996
3802 3232
3752 2772
3587 2600
3809 3479
3721 3489
3715 2546
3586 3234
3839 3435
3820 2522
3977 3092
3697 3095
3845 3159
3860 2624
3864 2918
3533 2584
3670 2505
3962 2542
3742 3014
3631 3235
3729 2892
3931 3067
3785 2506
3573 3318
3836 2854
3757 3464
3622 3062
3989 2502
3705 2802
3871 2876
3690 3269
3646 2710
3740 3243
3771 3193
3588 3309
3853 3374
3763 3260
3891 3011
3602 3445
3559 3071
3841 3056
3840 2916
3984 2571
3686 2867
3791 2531
3772 2933
3798 2639
3777 3293
3883 2980
3654 3321
3773 2858
3548 3006
3688 3103
3972 3473
7200 3601
3636 3016
3515 2973
3509 3108
3504 3110
3922 2812
3884 2569
3902 2610
3908 3179
3693 3033
3850 3184
3672 2697
3867 3088
3734 2599
3637 2699
3731 3258
3628 3244
3568 3262
3991 2577
3775 3350
3539 3287
3620 3140
3526 2648
3930 3158
3755 2708
3996 2865
3907 3433
3854 3399
3754 3319
3677 3391
3700 3700
3994 3212
3943 3463
3808 3229
3976 1989
3933 2705
3591 2871
3824 2742
3817 3145
3608 3421
3531 2873
3810 2564
3988 2822
3540 2572
3702 2516
3769 3315
3939 3291
3825 3478
3873 3411
3600 3136
3530 3295
3574 2504
3665 2970
3744 3439
3863 2801
3633 2757
3909 3346
3851 3055
3790 3356
3877 3412
3535 2655
3566 3349
3993 3477
3700 3701
3720 3102
3543 3297
7198 3600
3935 2942
3928 3219
3675 3039
3838 2856
3673 3397
3778 3128
3813 3322
3789 2983
3653 3057
3783 2758
3549 3416
3704 2559
3760 2919
3832 3408
3562 3104
3521 3264
3816 3089
3694 3342
3979 3079
3518 3099
3594 3312
3835 3223
3529 2976
3886 2877
3640 2525
3910 2771
3807 3030
3961 2815
3739 3073
3858 3394
3545 3046
3687 2550
3823 2621
3796 3487
3737 2690
3678 3111
3795 2712
3917 3368
3655 3278
3534 2993
3751 3198
3980 3237
3718 3450
3593 3078
3787 3019
3619 2751
3512 3040
3554 2701
3564 2747
3601 3143
3861 3084
3618 2526
3676 2684
3700 3702
3913 2706
3781 3072
3598 3279
3954 2946
3776 2641
3659 3306
3868 3059
3856 3294
3555 3034
3710 3121
3738 2936
3774 2718
3916 2903
3648 2570
3584 2850
3822 2966
3806 3017
3940 3138
3503 2636
3958 3426
3959 2736
3758 3308
3590 2662
3898 2549
3944 2702
3724 3427
3990 2552
3780 2527
3632 2949
3941 2560
3527 2880
3685 3007
3857 3304
3966 3191
3520 3496
3949 3139
3561 2901
3621 2840
3903 2769
3743 2852
3938 3094
3761 2700
3700 2557
3890 2977
3657 2566
3986 2927
3674 2756
3879 2628
3837 2982
3579 3414
3661 3448
3626 3246
3736 2920
3570 3336
3522 3001
3726 2647
3900 3134
3782 2625
3812 3387
3725 2732
3596 2827
3575 3392
3947 3253
3741 3101
3912 2512
3617 3174
3885 2514
3517 3330
3753 3060
3800 2908
3680 2596
3523 3058
3551 2698
7202 3602
3897 3401
3829 2866
3550 2793
3660 3047
3735 3231
3613 3032
3722 2800
3703 3424
3982 2543
3882 3026
3866 2745
3707 2580
3819 2952
3638 2803
3926 2902
3508 3171
3876 3201
3615 2833
3955 2643
3603 3299
3963 3457
3915 3377
3974 2513
3811 3370
3948 3409
3846 3351
3870 2907
3714 2623
3513 3097
3799 3276
3892 2717
3576 2595
3964 3194
3895 3248
3896 2945