27555598
27526356
27149040
27666731
27181158
27626286
27375266
27183477
27641978
27225372
27804026
27662529
27304101
27092580
27671841
27600184
27484806
27979648
27286707
27649783
27639909
27705473
27933189
27257257
27625042
27435896
27296677
27750030
27802416
27239526
27255101
27905354
27626787
27698061
27994560
27176435
27434735
27119481
27408378
27033493
27789995
27183206
27324438
27198010
27288687
27864690
27160502
27061543
27673397
27936841
27346222
27169261
27351438
27663654
27911850
27411987
27704635
27318670
27777540
27978233
27861145
27832510
27382040
27543130
27565784
27124468
27180865
27950757
27888593
27200726
27024952
27322781
27864267
27728723
27122491
27642139
27576562
27183215
27251633
27709869
27513215
27443627
27034974
27856677
27487480
27273808
27589919
27056281
27486286
27178915
27246686
27848673
27389301
27170053
27513553
27048364
27947404
27801624
27697968
27146243
27589184
27927687
27316514
27258404
27947379
27605627
27982380
27366633
27502839
27339043
27955889
27942111
27712023
27560754
27949114
27045935
27243500
27413465
27210289
27270573
27319354
27212831
27872956
27615691
27611016
27233773
27215803
27268535
27005552
27700934
27363006
27855348
27653284
27349395
27095060
27897043
27094945
27786255
27506553
27183193
27128295
27660090
27156527
27486736
27483922
27714125
27502681
27250365
27847136
27309138
27479704
27132802
27511567
27329599
27065955
27897545
27349433
27657526
27092963
27988585
27705549
27429355
27943315
27402161
27544609
27597589
27003553
27277408
27123124
27295701
27616605
27009054
27289527
27427727
27703976
27785146
27858834
27684253
27985412
27233154
27600425
27334493
27603824
27475084
27056624
27955366
27461095
27009437
27366659
27561858
27902482
27398365
27065280
27771026
27318548
27616179
27198734
27887269
27035565
27251329
27822864
27318981
27016190
27995470
27504884
27992626
27291946
27067238
27570494
27396015
27200527
27988166
27285765
27477040
27008520
27692980
27859178
27196937
27669387
27084534
27757734
27964240
27042713
27560017
27551891
27432219
27791534
27349991
27954452
27111904
27988558
27320565
27346158
27380194
27650563
27365193
27935871
27163209
27565341
27015689
27559976
27220950
27728945
27730152
27820867
27075978
27041134
27143437
27606193
27035531
27937237
27880846
27133676
27378688
27187408
27769301
27106478
27687813
27614463
27098442
27668595
27795124
27743834
27950960
27644472
27793308
27677742
27653702
27738785
27487436
27246327
27567446
27276045
27836984
27667361
27752483
27414483
27582489
27222195
27481135
27855990
27303470
27589524
27630592
27530132
27473758
27346649
27865393
27234133
27575683
27022161
27443919
27268009
27706023
27827411
27744545
27962116
27739811
27676283
27898082
27103123
27021160
27147869
27191015
27639302
27072000
27230660
27665202
27394703
27960275
27887691
27210926
27454958
27384933
27016637
27110373
27817935
27789378
27502882
27112148
27004633
27022359
27166484
27463861
27423509
27880318
27824297
27963307
27056374
27765958
27992619
27392847
27923959
27993621
27029708
27923766
27693776
27102159
27881298
27987411
27620445
27390191
27531193
27078753
27080715
27469837
27449803
27118182
27165623
27999041
27901718
27595601
27215127
27928137
27300304
27263223
27485206
27319446
27872873
27680207
27148105
27416098
27153081
27111766
27080464
27640089
27080577
27675905
27541028
27946353
27395067
27042242
27106899
27442996
27482741
27214035
27971974
27472603
27962433
27832293
27682594
27013202
27868509
27691456
27889100
27784868
27759731
27103511
27047795
27126097
27714098
27555388
27766267
27079121
27065052
27066583
27098301
27212677
27075396
27659642
27349991
27702335
27531035
27695610
27305369
27922679
27548737
27983561
27109525
27465318
27187040
27673938
27764589
27179058
27937129
27238035
27960431
27144267
27661474
27996654
27773191
27975767
27763795
27913509
27656961
27132127
27848630
27860797
27978967
27065871
27353320
27663815
27976656
27451057
27716387
27889931
27379676
27891882
27111778
27846288
27232261
27104484
27492515
27279223
27765303
27217949
27697818
27495916
27105016
27711818
27855956
27658469
27229658
27910620
27502522
27667671
27427784
27049237
27151547
27993730
27369518
27308333
27861186
27842261
27914918
27782543
27896966
27075476
27679618
27907750
27636223
27590976
27124420
27008968
27420446
27608988
27397587
27709459
27814396
27885169
27326278
27247862
27912506
27792969
27359697
27614144
27201922
27715894
27531869
27390709
27516179
27948802
27100317
27122161
27765103
27048503
27969607
27667766
27827844
27181635