4290
3380
2951
9633
1200
4984
8934
4384
1995
6650
2866
1150
4932
8107
2099
6446
4918
9060
6658
2807
8162
6624
8630
5324
5006
7552
3300
7243
7124
9627
3283
4240
8466
1903
7374
7211
8827
6261
9710
6641
1076
3218
6312
3452
1177
9139
4841
7128
5918
1722
3205
1804
5531
6424
8288
5284
8329
6988
5753
5236
4131
2180
7921
6133
4835
2775
8532
1696
1079
9651
5956
8273
1971
1488
8037
5859
1136
2856
6082
2788
6830
3996
8550
7150
7962
2433
3390
5952
8540
8383
2705
1415
9134
2509
3165
5356
9221
5660
2374
9267
8914
5299
6631
9487
6658
2986
5139
9356
8578
4273
5574
5199
4349
4771
9053
7354
9247
4271
1927
3391
4592
1797
8145
2302
6770
3281
2224
9919
2136
8280
8407
5565
7044
4465
4559
7211
6838
1089
3260
1738
2180
7197
5159
7586
1868
4912
1156
2393
5822
3424
5922
7338
4923
3411
7198
5077
6163
6041
1578
7987
7765
9420
3140
9584
9265
7587
8656
4776
3814
8858
7576
7188
2856
1515
7080
4451
5197
7157
2927
5114
3134
8058
7658
7116
3758
9613
9266
6042
8465
4542
9464
5081
6933
8549
9283
8739
8188
2250
9037
6501