1:1,2,2,2,9,3,7,1,8,9,3,7,4,5,4,5,3,4,4,5,6,7,2,7,4,7,6,9,2,1
2:1,1,9,9,3,7,5,5,1,2,4,2,4,4,7,1,1,8,8,5,2,4,3,1,7,3,8,3,2,1
3:5,1,4,6,2,2,1,3,9,9,9,8,6,8,4,7,4,8,8,3,9,6,3,4,6,8,6,1,4,7
4:9,7,5,3,8,2,2,3,2,1,3,9,6,5,2,9,6,8,9,2,7,1,9,6,4,1,5,3,7,3
5:9,9,7,6,4,9,1,7,6,5,1,5,9,3,8,6,2,2,3,9,9,6,9,4,2,5,2,9,9,5
6:4,6,2,7,9,5,9,9,8,4,2,4,2,7,7,4,1,9,8,7,6,1,8,5,6,3,9,2,3,2
7:7,3,1,7,9,3,6,6,6,5,4,7,8,4,9,3,7,8,7,9,8,4,9,3,4,6,3,2,4,4
8:8,8,8,5,9,1,7,6,1,7,6,4,3,8,1,1,9,2,7,6,5,3,3,8,2,7,1,3,4,9
9:9,9,2,7,7,6,8,1,8,4,8,4,8,7,5,3,6,4,1,5,2,8,2,1,1,9,1,3,5,7
10:9,4,5,6,2,2,4,6,4,3,5,1,2,2,6,2,4,5,5,5,4,6,7,6,2,1,8,7,4,6
11:3,2,2,6,1,4,8,9,8,1,7,7,2,9,2,2,7,5,3,1,2,1,6,9,7,2,1,3,7,1
12:6,9,8,3,9,9,9,4,4,1,3,3,2,6,1,4,3,2,4,9,2,1,5,2,4,5,8,4,3,3
13:1,1,4,1,8,6,6,9,2,2,2,6,4,3,2,3,6,8,1,5,8,4,3,5,1,4,5,8,7,8
14:1,3,2,2,6,5,8,6,4,7,6,3,5,2,2,6,6,8,9,8,9,7,8,8,7,1,4,6,5,1
15:8,9,1,7,5,1,1,9,5,2,2,5,3,6,4,9,3,9,6,5,2,9,1,5,6,8,1,1,8,6
16:6,3,3,2,1,8,2,1,6,4,9,2,4,9,9,5,6,9,4,8,8,6,5,1,2,4,1,6,5,9
17:6,6,3,3,4,6,5,6,2,9,2,7,8,2,8,1,8,8,9,3,4,6,2,5,7,7,9,5,3,9
18:6,8,3,7,8,1,9,2,2,3,8,1,3,8,4,1,2,6,5,6,3,1,4,2,2,6,6,4,5,4
19:1,2,1,1,9,2,7,6,4,3,3,7,7,4,6,6,2,4,3,3,1,5,4,6,6,9,3,2,1,9
20:9,1,1,5,1,6,8,6,7,4,8,2,1,3,1,9,8,7,7,3,3,3,6,6,9,3,9,3,9,7
21:9,4,4,3,8,7,5,1,7,4,9,5,5,4,7,3,3,9,6,4,8,6,2,7,4,4,1,3,1,3
22:8,7,4,2,5,5,2,3,1,4,6,8,2,7,1,2,8,1,9,8,3,4,4,7,4,9,1,9,4,5
23:5,3,2,7,2,4,5,4,1,1,2,1,4,7,7,7,3,6,8,5,5,2,3,8,5,5,8,2,2,3
24:7,2,9,6,1,3,8,8,1,1,6,9,2,4,8,2,2,1,2,3,4,9,6,9,3,8,8,9,1,3
25:4,4,4,3,1,2,9,2,2,9,5,8,6,6,8,7,5,7,4,6,9,2,8,7,4,7,9,6,3,2
26:5,5,5,9,7,9,6,5,3,6,8,4,9,3,9,1,7,7,4,9,8,9,3,8,4,9,1,8,1,4
27:3,7,2,1,5,9,4,6,2,4,5,5,4,5,9,5,4,7,2,2,2,6,1,3,1,1,3,8,4,6
28:3,4,5,1,4,3,5,1,7,4,6,5,3,7,5,2,8,6,6,2,8,2,5,7,4,1,1,9,1,1
29:4,4,8,3,7,2,3,8,9,2,9,8,2,6,7,4,8,2,1,8,4,2,2,2,5,2,7,5,5,5
30:2,9,4,5,3,8,7,7,4,6,9,5,2,6,1,4,6,2,8,1,3,9,8,3,1,6,1,9,8,7
31:5,1,1,9,8,6,1,1,9,7,3,5,1,6,7,1,1,4,8,5,1,5,9,5,6,9,2,1,3,3
32:8,4,4,5,6,7,3,2,7,6,7,4,2,2,3,8,1,5,5,1,2,9,4,3,7,4,5,2,3,1
33:5,6,3,6,6,8,2,4,6,2,2,4,4,3,4,4,8,1,9,2,3,8,5,4,4,7,9,8,4,7
34:4,4,9,5,2,4,3,2,3,4,5,7,2,6,2,3,3,3,4,5,3,8,7,6,7,2,4,5,9,1
35:4,4,4,3,1,2,9,6,2,9,5,8,6,6,8,7,5,7,4,6,9,2,8,7,4,7,9,6,3,2
36:4,8,3,8,6,5,9,8,6,1,2,2,4,9,4,9,2,5,8,5,2,6,3,8,8,8,7,4,2,3
37:8,5,3,9,9,5,2,9,8,6,2,7,4,3,1,7,8,6,4,7,2,8,3,6,8,2,6,6,3,1
38:3,4,5,6,9,7,2,6,2,6,5,9,9,7,3,7,4,2,4,4,4,6,3,7,6,3,8,3,1,6
39:5,6,9,2,3,4,1,5,4,8,8,4,1,2,7,3,7,1,4,7,2,7,5,9,6,6,2,5,6,6
40:1,5,7,7,1,5,9,7,8,7,7,2,7,8,6,4,2,3,5,9,6,8,1,8,1,9,8,2,4,3
41:7,3,6,3,9,1,8,8,2,6,4,1,2,6,3,2,4,9,3,3,4,9,1,3,2,6,1,3,6,3
42:7,8,2,8,5,5,2,6,3,3,4,5,3,7,4,8,7,8,8,7,4,4,8,4,5,6,3,1,9,4
43:8,6,3,9,1,9,6,6,7,3,8,5,7,7,3,2,9,7,4,1,1,1,9,9,5,9,7,2,9,1
44:4,9,1,7,5,4,8,4,9,2,6,9,7,2,2,7,5,9,3,2,9,1,6,7,6,1,7,4,9,4
45:5,9,8,8,9,7,6,3,3,9,7,3,8,9,5,8,3,4,5,2,6,7,3,2,2,7,7,5,8,3
46:3,1,4,5,7,9,8,3,4,1,1,6,6,1,8,2,2,6,8,9,1,5,3,4,9,6,3,5,1,3
47:5,5,5,2,8,6,7,2,1,8,7,6,1,8,4,3,9,9,1,7,9,4,2,8,2,3,6,5,3,1
48:8,4,5,2,1,2,9,6,3,7,4,3,9,9,5,6,7,6,7,9,2,9,8,6,9,5,1,8,9,3
49:8,2,5,3,1,8,5,3,3,4,6,6,5,5,2,7,1,8,1,3,1,8,1,2,2,7,2,1,8,5
50:6,6,2,6,4,4,5,3,7,1,5,4,4,1,7,5,2,1,6,2,6,7,4,4,5,2,3,3,5,5
51:1,1,5,2,1,2,2,9,7,7,1,3,6,8,7,7,8,3,4,6,7,6,3,9,6,7,6,3,3,1
52:8,9,4,4,1,8,7,4,7,1,7,5,3,7,5,7,1,3,3,3,3,3,7,2,8,4,4,8,5,9
53:8,5,3,9,9,5,2,9,8,6,2,7,4,3,1,7,8,6,4,7,2,8,3,6,8,2,6,6,3,1
54:8,8,6,4,8,2,7,2,1,8,1,5,4,7,8,9,8,2,1,1,9,8,3,2,8,3,7,3,1,7
55:4,6,7,1,8,3,9,8,3,3,4,9,6,6,3,8,9,4,2,2,9,3,7,4,7,9,4,8,6,3
56:4,4,9,5,8,4,3,8,6,1,8,4,6,2,6,9,6,2,4,3,3,2,3,2,7,6,8,3,9,4
57:9,1,3,4,3,5,1,7,3,5,4,3,9,4,2,7,4,3,8,8,5,1,5,5,4,7,7,7,8,5
58:1,9,6,1,9,3,8,9,4,1,9,1,9,9,6,4,7,3,9,2,6,7,6,7,7,2,1,2,9,9
59:4,4,7,2,7,8,9,6,4,2,5,6,8,9,3,7,8,6,7,3,5,7,3,9,3,1,5,4,6,9
60:1,1,5,2,1,2,2,9,7,7,1,3,6,8,7,7,8,3,4,6,7,6,3,9,6,7,6,3,3,1
61:5,8,8,5,6,6,4,2,1,1,8,7,6,6,4,6,9,8,8,5,1,5,2,3,4,7,6,6,4,1
62:4,2,4,9,9,6,3,9,9,1,4,8,1,5,7,1,1,9,1,2,9,4,6,9,8,7,5,2,9,6
63:5,6,7,4,6,2,1,2,4,9,8,1,8,5,2,4,3,9,8,2,7,2,4,2,4,5,9,9,3,9
64:9,2,5,1,5,7,5,7,4,5,5,7,8,8,5,1,4,6,2,3,5,8,3,4,6,2,4,1,8,6
65:9,8,9,5,3,2,2,2,5,4,2,6,7,2,9,4,4,4,9,7,1,6,9,9,2,9,4,4,8,6
66:1,8,8,8,9,6,9,5,1,1,8,2,1,7,7,1,7,2,8,7,5,4,6,2,7,5,8,7,1,1
67:7,4,7,4,4,5,6,4,2,6,6,5,5,1,1,1,5,6,6,7,6,2,8,8,9,9,3,2,6,5
68:3,4,8,2,5,2,7,6,2,5,3,6,5,8,8,4,8,5,1,5,9,9,3,1,6,1,3,2,2,8
69:4,1,8,9,9,6,6,7,9,4,3,5,4,5,8,6,3,6,6,3,7,3,7,6,4,2,6,2,6,8
70:8,9,4,4,1,8,7,4,7,1,7,5,3,7,5,7,1,3,3,3,3,3,7,2,8,4,4,3,5,9
71:9,6,1,1,1,9,3,5,9,5,4,6,3,1,5,2,1,6,6,4,9,7,8,8,7,8,5,2,5,9
72:5,5,1,7,7,9,9,7,4,5,4,8,6,8,8,7,6,3,8,3,7,4,7,1,6,2,1,6,7,7
73:4,2,4,9,9,6,3,9,9,1,4,8,1,5,7,1,1,9,1,2,9,4,6,9,8,2,5,2,9,6
74:8,1,2,5,6,2,7,9,1,8,4,1,5,2,7,3,7,3,8,3,5,6,2,8,3,7,1,7,3,8
75:8,6,3,9,1,9,6,6,7,3,8,5,7,7,3,2,9,7,4,1,1,1,9,9,5,9,2,2,9,7
76:9,1,1,5,1,6,8,6,7,4,8,2,1,3,1,9,8,7,7,3,3,3,6,6,9,3,9,3,9,7
77:7,9,4,6,5,5,7,5,4,7,9,9,4,5,5,4,9,4,9,2,5,9,8,6,7,2,5,7,8,5
78:4,1,8,9,9,6,6,7,9,4,3,5,4,5,8,6,3,6,6,3,7,3,7,6,4,2,6,2,6,2
79:4,3,2,9,7,8,9,8,6,4,6,1,6,1,7,3,6,3,2,7,4,2,9,2,9,7,6,5,3,8
80:7,4,4,8,2,2,4,5,4,3,9,3,6,6,9,9,1,5,8,1,5,6,8,8,3,9,8,1,7,4
81:6,5,6,9,1,8,4,7,4,9,4,3,5,5,4,2,8,4,4,7,5,1,1,7,3,2,9,9,2,6
82:1,2,1,1,9,2,7,6,4,3,3,7,7,4,6,6,2,4,3,3,1,5,4,6,6,9,3,2,1,3
83:9,5,7,8,2,3,4,5,9,1,7,7,7,9,6,2,5,3,4,5,9,8,8,8,3,5,9,7,4,7
84:9,4,9,6,5,1,5,1,6,1,4,2,8,1,6,6,3,1,8,5,9,9,2,8,6,2,4,4,8,5
85:7,9,4,6,5,5,7,5,4,7,9,9,4,5,5,4,9,4,9,2,5,9,8,6,7,2,2,7,8,5
86:3,3,7,6,6,5,8,7,7,1,7,5,8,9,5,9,4,8,7,7,5,9,1,4,6,4,9,7,5,3
87:2,9,2,7,7,7,7,2,2,3,3,4,3,5,6,3,3,1,5,1,4,4,9,1,4,7,5,9,3,2
88:3,7,7,6,4,6,7,3,1,7,8,1,8,8,2,2,7,9,4,1,5,5,9,9,7,1,3,4,3,1
89:8,9,9,5,1,1,6,3,7,7,9,7,9,6,9,2,9,5,3,1,2,7,4,4,5,5,9,7,1,3
90:3,7,8,3,1,3,3,6,1,7,2,5,7,1,7,6,2,2,6,5,8,3,9,1,3,6,5,1,6,7
91:5,6,3,5,6,4,9,9,6,3,2,2,3,9,8,4,1,3,1,5,6,3,3,2,5,7,3,3,3,8
92:2,7,3,8,2,9,6,7,7,8,1,7,3,2,4,4,9,5,6,6,2,8,1,6,9,6,3,3,1,1
93:2,5,4,9,6,9,2,5,8,3,1,7,1,6,8,6,1,7,3,6,8,8,1,5,9,4,2,4,1,8
94:3,8,2,5,5,2,6,1,5,8,3,3,7,7,1,5,2,5,3,6,4,6,1,9,4,2,8,1,1,7
95:7,5,3,8,6,3,8,9,4,4,9,5,9,2,1,9,4,9,4,5,8,4,8,2,1,9,3,6,9,5
96:6,7,4,6,7,6,6,1,2,5,9,3,8,5,7,5,3,2,8,4,9,4,7,3,8,9,2,9,3,3
97:2,3,3,1,3,3,4,9,3,2,9,1,6,1,5,2,2,7,2,7,2,2,5,1,4,7,5,5,3,9
98:4,9,4,2,3,6,3,1,2,9,5,6,9,7,7,2,4,2,1,3,9,8,4,8,7,4,7,4,9,3
99:9,2,9,3,6,8,7,8,7,1,3,2,8,1,4,8,1,8,1,9,2,3,5,6,1,4,5,3,2,6
100:1,5,7,2,1,4,7,6,4,6,2,8,5,9,2,8,6,7,4,7,2,6,9,5,2,7,3,6,8,1
101:3,3,4,6,7,3,5,4,8,5,8,3,5,3,9,8,9,8,2,5,2,3,7,2,3,9,6,4,7,8
102:5,9,3,8,7,8,2,6,6,4,7,2,1,2,8,9,3,7,7,5,9,5,3,7,8,1,6,2,5,4
103:1,3,4,2,1,3,2,5,4,8,8,2,3,6,3,9,2,2,3,2,5,8,9,7,9,3,1,9,2,1
104:9,3,5,1,8,9,4,9,7,3,1,6,2,7,1,4,5,4,9,1,3,9,3,3,7,7,3,1,7,4
105:8,2,5,4,6,1,5,1,8,1,1,2,9,5,5,8,3,5,5,1,6,4,9,1,5,7,8,6,2,7
106:5,5,5,9,8,8,7,2,3,2,6,2,4,1,8,8,7,1,4,9,5,3,6,7,5,9,9,5,4,9
107:1,6,5,7,7,1,2,3,4,4,6,7,4,7,2,9,9,6,6,7,5,5,8,5,2,5,6,4,2,2
108:2,3,3,6,8,5,6,7,5,9,8,2,2,8,9,8,9,1,8,3,8,1,2,5,9,8,3,1,1,9
109:4,5,6,1,6,9,8,1,5,9,8,6,5,5,2,5,1,6,2,5,9,8,5,5,6,1,9,8,5,4
110:9,4,9,9,1,1,6,2,9,5,9,8,9,2,1,8,7,2,5,9,2,4,1,5,9,1,7,2,8,7
111:5,8,8,5,6,6,1,2,1,1,8,7,6,6,4,6,9,8,8,5,1,5,2,3,4,7,6,6,4,1
112:5,3,9,2,1,8,6,7,3,2,3,9,1,1,4,6,4,6,3,2,7,2,9,3,8,7,8,4,8,5
113:8,8,5,2,9,2,1,3,4,3,2,6,3,3,4,6,1,8,5,9,3,5,6,2,8,7,6,5,7,7
114:4,3,1,1,9,2,5,5,6,7,7,4,4,1,4,4,8,3,6,5,1,8,7,5,8,6,7,9,8,7
115:6,4,8,5,7,3,5,8,1,9,3,6,7,8,9,7,6,4,6,9,3,5,3,5,1,5,5,7,6,6
116:8,2,9,9,3,7,4,2,6,4,4,4,8,6,4,5,7,8,2,4,1,8,6,8,7,6,1,2,7,4
117:3,1,5,4,9,1,8,8,7,2,9,8,5,9,7,5,8,3,2,8,4,9,4,2,7,4,8,3,2,2
118:7,2,6,1,9,9,9,7,8,4,9,6,5,1,4,5,1,1,1,4,6,6,3,6,8,5,1,7,6,3
119:2,3,5,8,1,1,7,3,2,4,4,1,8,2,6,8,2,8,4,7,3,1,4,2,8,6,9,8,8,1
120:4,7,6,1,3,9,2,6,7,6,7,7,1,9,4,4,9,2,5,5,5,4,3,4,6,4,6,1,9,6
121:8,9,2,7,1,2,4,9,5,2,9,2,5,9,9,3,3,2,7,9,7,6,1,6,2,5,8,6,1,2
122:3,1,4,5,7,9,8,3,4,1,1,6,6,9,8,2,2,6,8,9,1,5,3,4,9,6,3,5,1,3
123:9,2,1,4,8,4,4,1,2,2,1,8,5,4,9,6,2,4,2,9,5,6,7,3,4,6,1,3,1,1
124:4,9,1,7,5,4,8,4,9,2,6,9,7,2,2,7,5,9,1,2,9,1,6,7,6,1,7,4,9,3
125:7,9,4,4,7,3,6,3,9,3,1,3,9,7,4,9,8,5,6,3,1,2,8,2,7,2,6,3,5,2
126:5,4,7,4,4,3,2,4,5,7,6,8,1,6,7,8,6,3,4,9,7,2,4,5,8,3,3,7,5,8
127:6,8,8,5,2,8,9,9,8,6,2,7,2,7,7,1,7,8,4,5,1,5,2,2,6,5,9,7,6,1
128:8,4,4,5,6,7,3,2,7,6,7,4,2,2,3,8,1,5,5,1,2,9,4,3,7,4,6,2,3,1
129:7,5,3,8,6,3,8,9,4,4,9,5,7,2,1,9,4,9,4,5,8,4,8,2,1,9,3,6,9,5
130:3,3,7,1,6,9,4,3,4,8,9,8,2,6,1,8,9,3,4,3,3,5,9,6,3,5,3,5,5,7
131:3,9,6,1,8,4,6,5,8,7,2,5,5,3,4,4,3,4,5,3,8,1,3,8,4,5,1,2,8,6
132:5,3,9,2,1,8,6,7,3,2,3,9,1,1,4,6,4,6,3,2,7,2,9,3,8,7,8,4,8,9
133:9,4,9,9,1,1,6,2,9,5,9,8,9,2,1,8,7,2,5,9,2,4,1,5,9,1,4,2,8,7
134:1,5,8,7,1,5,9,7,8,7,7,2,7,8,6,4,2,3,5,9,6,8,1,8,1,9,8,2,4,3
135:9,7,6,8,6,9,1,6,9,4,5,5,5,7,8,8,6,1,9,8,9,6,9,1,7,2,5,9,1,3
136:5,8,8,5,4,2,2,9,8,8,6,5,2,2,3,7,7,7,8,5,7,6,9,6,9,5,4,4,3,8
137:7,3,5,7,6,9,7,7,5,7,9,7,1,7,7,5,5,1,2,3,3,5,5,2,7,8,5,4,8,8
138:7,9,6,8,3,9,3,2,4,7,9,5,2,4,5,8,4,2,3,1,1,7,3,1,9,7,1,6,5,1
139:9,5,7,8,2,3,4,5,9,1,8,7,7,9,6,2,5,3,4,5,9,8,8,8,3,5,9,7,4,3
140:4,2,1,8,8,9,2,9,1,2,4,5,4,2,8,5,1,2,5,8,8,6,2,3,3,9,4,1,4,1
141:9,7,7,8,7,2,9,2,3,3,2,1,3,6,9,6,7,1,4,3,3,1,2,1,2,5,7,7,2,2
142:3,2,7,5,3,8,5,7,9,1,9,3,8,3,3,3,7,1,8,9,2,8,5,5,3,9,7,3,8,1
143:9,6,4,2,8,8,8,8,6,4,9,6,3,7,9,6,5,4,2,8,7,1,4,7,3,3,9,8,5,4
144:3,4,9,7,8,3,6,3,6,4,8,1,9,1,6,9,2,4,9,5,9,3,8,4,6,3,8,9,3,7
145:9,7,5,4,3,6,6,4,1,5,5,7,6,2,8,2,9,2,9,5,4,3,5,8,5,9,5,9,1,8
146:2,9,4,5,3,8,7,7,4,6,9,5,2,6,1,4,6,2,8,1,4,9,8,3,1,6,1,9,8,5
147:4,4,8,9,2,2,3,1,5,1,6,5,6,3,2,5,3,8,3,6,1,8,3,8,1,2,3,2,7,6
148:6,6,6,7,5,9,9,2,2,7,6,7,6,4,5,5,5,6,1,9,5,4,4,7,9,9,7,1,6,3
149:7,6,4,2,5,6,5,8,6,6,3,3,8,3,8,3,9,9,2,1,5,6,2,7,6,7,9,1,6,8
150:9,6,7,5,6,5,1,4,9,1,1,8,5,1,8,5,1,8,1,1,6,5,6,3,6,8,1,9,3,8
151:1,3,1,1,4,7,1,7,8,8,1,2,8,6,7,1,5,2,2,2,9,4,4,7,9,5,3,2,8,1
152:8,5,8,6,1,7,8,3,3,9,4,3,8,9,5,3,9,8,1,1,2,4,5,8,4,3,7,8,2,5
153:2,7,2,1,8,9,9,1,3,6,1,1,1,5,7,5,9,4,8,2,9,3,6,3,9,8,9,8,3,1
154:9,6,4,2,8,4,8,8,6,4,9,6,3,7,9,6,5,4,2,8,7,1,4,7,3,3,9,8,5,2
155:8,9,2,7,1,2,4,9,5,2,9,2,5,9,9,3,3,2,7,9,7,6,1,6,2,5,8,6,1,7
156:9,8,5,7,6,8,9,7,2,7,2,8,1,9,3,6,9,3,4,6,2,8,1,6,3,2,4,3,3,5
157:5,9,4,2,4,2,4,7,3,5,4,2,5,8,4,8,7,6,2,6,5,3,5,4,9,3,3,3,9,8
158:6,4,8,5,7,3,5,8,1,9,3,6,7,8,3,7,6,4,6,9,3,5,3,5,1,5,5,7,6,1
159:2,8,8,1,6,3,3,6,1,4,2,6,1,1,6,6,4,3,8,6,4,7,5,5,6,7,4,8,4,8
160:3,5,8,6,8,8,6,6,2,6,3,6,7,6,2,5,1,1,8,8,5,1,8,6,3,9,7,3,6,7
161:3,7,7,6,4,6,7,3,1,7,8,1,8,8,2,2,7,9,4,9,5,5,9,9,7,1,3,4,3,9
162:6,7,2,9,2,9,4,3,7,1,1,2,6,1,1,2,3,1,7,4,8,2,8,6,7,2,8,6,6,5
163:8,9,1,3,6,9,5,9,5,6,2,3,6,9,5,2,5,8,5,9,1,4,6,7,1,6,5,7,3,9
164:5,9,4,2,4,2,4,7,3,3,4,2,5,8,4,8,7,6,2,6,5,3,5,4,9,3,3,3,9,8
165:5,2,2,9,5,2,2,2,1,6,1,3,1,3,4,6,1,6,2,7,8,1,7,7,6,4,1,8,3,3
166:4,9,1,7,5,4,8,4,9,2,6,9,7,2,2,7,5,9,1,2,9,1,6,7,6,1,7,4,9,4
167:1,2,6,5,7,1,3,2,1,7,2,5,7,5,5,3,9,3,2,3,7,9,1,9,1,5,5,7,5,8
168:6,7,1,8,7,5,5,3,4,8,8,6,4,2,9,8,9,8,5,8,2,8,6,3,2,6,2,3,3,7
169:7,9,7,9,6,3,6,8,5,4,9,1,5,5,9,2,8,2,3,9,6,6,2,8,2,1,6,3,9,1
170:8,9,7,8,2,2,8,6,1,9,8,3,8,5,5,9,8,7,7,1,8,3,2,7,9,3,6,8,6,6
171:6,7,3,5,7,6,2,2,2,5,5,5,9,7,7,9,6,1,5,3,4,1,7,8,2,9,8,2,4,8
172:5,1,1,9,8,6,1,1,9,7,3,5,1,6,7,1,1,4,8,5,1,5,9,5,6,9,2,1,3,5
173:1,9,1,4,6,4,6,9,5,9,4,1,3,1,5,6,6,4,1,4,2,2,8,4,6,9,9,3,2,8
174:6,9,8,3,9,9,9,4,4,1,3,3,2,6,1,4,3,2,4,9,2,1,5,2,4,5,8,4,3,4
175:2,7,3,5,5,6,7,3,2,7,4,8,9,3,2,4,7,3,8,6,2,5,4,2,9,5,6,1,2,4
176:2,3,3,1,3,3,4,9,3,2,9,1,8,1,5,2,2,7,2,7,2,2,5,1,4,7,5,5,3,9
177:8,5,3,9,9,5,2,9,8,6,2,7,4,3,1,7,8,6,4,7,2,8,3,6,8,2,6,6,3,2
178:8,6,5,7,5,7,7,5,8,9,6,9,5,1,9,7,6,5,8,9,3,8,2,6,9,6,4,4,8,3
179:7,2,6,5,9,9,9,7,8,4,9,6,5,1,4,5,1,1,1,4,6,6,3,6,8,5,1,7,6,3
180:7,5,4,4,1,7,1,5,6,1,6,4,8,3,5,3,9,5,5,3,5,9,7,4,2,2,1,4,5,9
181:7,4,8,9,1,5,5,8,5,2,3,8,9,5,4,2,1,7,7,1,7,1,1,2,5,4,7,1,1,1
182:5,1,8,2,5,1,4,9,4,8,4,1,6,7,7,3,3,1,8,3,1,4,2,6,9,5,3,3,3,9
183:4,6,4,7,5,7,1,6,9,6,4,3,3,7,4,4,6,4,7,4,4,1,7,8,9,9,3,5,7,2
184:7,4,4,8,3,2,4,5,4,3,9,3,6,6,9,9,1,5,8,1,5,6,8,8,3,9,8,1,7,4
185:2,4,4,4,3,8,4,3,4,1,5,9,8,7,6,2,9,4,2,1,1,5,5,1,4,7,1,9,7,7
186:2,9,4,5,3,8,7,7,4,6,9,5,2,6,1,4,6,2,8,1,4,9,8,3,1,6,1,9,8,7
187:5,5,5,2,8,6,7,2,1,8,7,6,1,8,4,3,9,9,5,7,9,4,2,8,2,3,6,5,3,7
188:5,4,7,4,4,1,2,4,5,7,6,8,1,6,7,8,6,3,4,9,7,2,4,5,8,3,3,7,5,8
189:6,4,8,5,7,3,5,8,1,9,3,6,7,8,9,7,6,4,6,9,3,5,3,5,1,5,5,7,6,1
190:8,1,4,4,3,7,9,2,4,4,4,7,7,8,3,1,7,2,1,5,8,1,2,8,6,4,5,8,9,8
191:8,6,5,7,5,7,7,5,8,9,6,9,5,1,9,7,6,5,8,9,3,8,2,9,9,6,4,4,8,3
192:3,7,2,5,3,3,6,3,6,9,7,3,8,4,9,4,4,3,7,4,9,6,6,9,9,7,2,6,9,2
193:6,5,7,8,4,5,5,7,1,4,1,8,7,7,5,8,6,2,9,1,9,1,7,1,8,6,9,2,6,3
194:9,9,5,6,8,8,7,1,9,5,6,8,7,9,9,8,8,8,5,9,6,1,9,5,8,1,4,6,7,6
195:8,8,4,7,6,5,4,8,8,8,3,3,1,4,4,7,1,9,4,1,6,8,6,3,3,8,8,6,1,7
196:2,5,4,9,6,9,2,5,8,3,1,7,1,6,8,6,1,7,3,6,8,8,1,5,9,4,2,4,1,4
197:3,8,2,5,5,2,6,1,5,8,3,3,7,7,1,5,2,5,3,6,4,6,1,9,4,2,8,1,1,4
198:9,7,7,5,1,2,6,2,1,8,7,9,3,9,3,3,8,5,4,5,8,8,3,6,5,6,2,3,2,9
199:8,4,4,5,6,7,3,2,7,6,7,4,2,2,3,8,1,5,5,1,2,9,4,3,7,4,6,2,3,4
200:4,8,5,1,4,4,5,9,4,2,2,2,1,6,1,8,3,8,9,2,2,1,4,6,4,7,4,1,6,5
201:4,2,1,8,8,9,2,9,1,2,4,5,4,2,8,5,1,1,5,8,8,6,2,3,3,9,4,1,4,1
202:5,1,1,9,8,6,1,1,9,3,3,5,1,6,7,1,1,4,8,5,1,5,9,5,6,9,2,1,3,5
203:2,3,5,8,1,1,7,3,2,4,4,1,8,2,6,8,2,8,4,7,3,1,4,2,8,6,9,8,8,1
204:4,9,6,6,8,5,8,3,9,3,3,5,9,5,9,7,5,3,7,6,6,3,1,1,4,4,8,2,6,4
205:3,9,6,1,8,4,6,5,8,7,2,5,5,3,4,4,3,4,5,3,8,1,3,8,4,5,1,2,8,2
206:5,9,8,8,9,7,6,3,3,9,7,3,8,9,5,8,1,4,5,2,6,7,3,2,2,7,7,5,8,3
207:5,8,6,8,8,7,3,5,5,8,4,9,3,2,8,5,8,8,6,1,7,8,7,8,4,3,2,4,9,5
208:6,6,6,7,5,9,9,2,2,7,6,7,6,4,5,5,5,6,1,2,5,4,4,7,9,9,7,1,6,3
209:8,1,4,4,3,7,9,2,2,4,4,7,7,8,3,1,7,2,1,5,8,1,2,8,6,4,5,8,9,5
210:7,4,1,5,3,7,5,7,8,7,5,4,5,6,7,4,7,8,1,6,5,4,1,2,3,3,8,2,7,4
211:2,5,4,9,6,9,2,5,8,5,1,7,1,6,8,6,1,7,3,6,8,8,1,5,9,4,2,4,1,4
212:3,2,7,5,3,8,5,7,9,1,9,3,8,3,3,3,7,1,8,9,2,8,5,5,3,9,7,3,8,6
213:6,1,5,6,8,3,6,1,2,4,7,5,3,4,5,6,6,8,8,2,3,7,9,2,9,5,7,7,2,2
214:1,5,7,2,1,4,2,6,4,6,2,8,5,9,2,8,6,7,4,7,2,6,9,5,2,7,3,6,8,1
215:4,2,6,6,7,7,1,3,1,7,7,3,4,6,1,4,1,8,7,1,3,5,7,1,7,4,2,2,2,9
216:7,9,7,9,6,3,6,8,5,4,9,1,5,5,9,2,8,2,3,9,6,6,2,8,8,1,6,3,9,2
217:4,4,1,4,8,8,5,2,3,7,1,2,1,1,4,1,2,3,9,7,1,8,1,6,9,7,9,6,3,8
218:4,5,5,1,6,5,4,4,8,7,6,2,2,1,5,8,7,5,2,2,3,2,1,2,7,2,8,1,4,8
219:7,2,6,1,9,9,9,7,8,4,9,6,5,1,4,5,1,1,1,4,6,6,3,6,8,5,1,7,6,7
220:2,6,8,8,8,6,4,8,9,4,5,2,4,1,6,4,3,5,4,3,2,1,1,1,8,3,8,9,7,9
221:1,1,5,2,1,2,2,9,7,7,1,3,6,8,7,7,8,3,4,6,7,6,3,9,6,7,9,3,3,1
222:2,3,6,4,1,2,9,2,5,1,5,5,3,7,5,5,8,4,3,8,7,2,3,4,3,3,7,7,7,8
223:5,5,1,7,7,9,9,7,4,5,4,8,6,8,8,7,6,3,8,3,7,4,7,1,6,2,1,6,7,4
224:6,7,2,9,2,9,4,3,7,1,1,2,6,1,1,2,3,1,7,4,8,2,8,6,7,2,8,6,6,1
225:8,9,7,7,3,5,1,2,1,8,2,8,3,6,2,8,5,9,6,2,4,4,9,9,9,7,4,1,5,5
226:9,8,5,7,6,8,9,7,2,7,2,8,1,9,3,6,9,3,4,6,2,8,1,6,3,2,4,3,3,5
227:1,2,1,1,9,2,7,6,4,3,3,7,7,4,6,6,2,4,3,3,1,5,8,6,6,9,3,2,1,3
228:8,4,5,4,1,5,7,3,5,4,7,9,9,8,2,3,7,5,3,4,9,2,7,6,3,3,8,9,8,8
229:6,4,2,2,3,2,6,1,6,1,6,2,2,4,9,3,9,2,9,9,5,4,8,6,1,4,1,3,2,8
230:3,9,9,8,6,9,3,5,4,6,6,3,3,3,3,2,9,4,4,1,2,8,9,7,2,6,1,3,7,3
231:8,6,3,9,1,9,6,6,7,3,8,5,7,7,3,2,9,7,4,1,1,1,9,9,5,9,7,2,9,7
232:9,7,8,7,2,2,4,1,8,7,7,1,1,3,8,3,5,4,5,7,5,2,6,3,2,7,2,3,5,5
233:6,6,3,2,4,3,1,7,1,6,1,3,7,1,4,7,7,8,4,4,4,2,7,9,3,6,5,3,7,7
234:3,7,8,3,1,3,3,6,1,7,2,5,7,1,7,6,2,2,6,5,8,3,9,1,3,6,5,1,6,2
235:8,2,5,4,6,1,5,1,8,1,1,2,9,5,5,8,3,5,5,4,6,4,9,1,5,7,8,6,2,7
236:3,5,8,5,5,8,1,7,6,1,8,3,4,7,2,6,5,9,7,4,8,4,4,7,4,8,7,4,1,1
237:5,6,7,4,6,2,1,2,4,9,8,1,8,5,2,4,3,9,8,2,7,2,4,2,4,5,9,9,9,4
238:6,7,3,3,7,3,8,7,2,9,9,2,2,1,5,6,6,6,8,6,4,1,8,8,9,7,4,5,6,6
239:3,1,4,5,7,9,8,3,4,1,1,6,6,1,8,2,2,6,8,9,1,5,3,4,9,6,3,5,1,8
240:7,4,8,9,1,5,5,8,5,2,3,8,9,5,4,2,1,7,7,1,7,1,1,2,5,4,7,1,1,9
241:2,5,3,7,6,1,4,2,5,4,9,8,9,6,7,6,7,2,5,5,7,5,5,5,9,4,1,1,5,3
242:5,6,9,4,3,2,5,5,5,2,1,6,2,6,5,2,4,6,5,3,6,3,7,5,9,1,3,4,4,1
243:1,5,3,3,3,4,5,2,9,8,9,4,7,2,3,2,3,7,8,1,2,6,9,2,2,4,9,9,5,8
244:7,5,8,9,1,5,5,8,5,2,3,8,9,5,4,2,1,7,7,1,7,1,1,2,5,4,7,1,1,9
245:1,1,3,6,1,5,5,9,1,3,7,2,3,1,5,2,8,6,4,8,3,2,8,8,9,8,1,3,3,2
246:1,3,3,9,8,5,9,9,8,7,2,5,9,9,2,9,2,6,7,6,4,8,7,8,8,6,9,3,5,5
247:6,3,6,6,7,6,8,5,6,6,6,6,3,6,1,8,9,2,2,9,2,3,1,8,3,2,1,2,2,4
248:4,7,6,1,3,9,2,6,7,6,7,7,1,9,4,4,9,2,5,5,5,4,3,4,6,4,6,1,9,8
249:8,1,4,4,3,7,9,2,2,4,4,7,7,8,3,1,7,2,1,5,8,1,2,8,6,4,5,8,9,8
250:6,3,5,9,9,9,9,5,3,9,8,3,9,1,4,8,6,7,5,4,6,5,9,5,4,7,1,9,7,4
251:2,4,4,5,3,5,3,2,2,7,2,5,7,5,3,1,3,8,3,9,3,5,4,4,4,9,7,6,9,1
252:1,1,4,1,8,6,6,9,2,2,2,6,4,3,7,3,6,8,1,5,8,4,3,5,1,4,5,8,7,8
253:9,4,9,9,1,1,6,2,9,5,9,8,9,2,1,8,7,2,5,9,2,4,1,5,9,1,4,2,8,7
254:7,8,3,8,9,4,3,6,7,8,8,8,2,4,4,6,3,3,6,7,8,8,7,5,4,6,4,1,9,9
255:5,9,4,7,3,4,7,4,2,7,6,3,2,3,8,4,2,7,7,3,8,5,7,5,2,4,8,8,9,4
256:8,4,5,3,7,2,8,6,3,8,7,1,3,4,3,5,8,7,6,8,8,3,1,1,1,1,9,9,4,6
257:3,9,4,1,8,8,4,2,8,1,3,7,8,3,4,1,6,9,4,9,9,9,2,5,3,6,6,3,9,7
258:3,8,2,5,5,2,6,1,5,8,3,3,7,7,1,5,2,5,3,6,4,6,1,9,4,2,8,1,1,4
259:1,6,2,5,3,5,8,1,9,5,7,4,3,3,7,8,3,5,1,7,3,2,9,4,7,4,7,7,7,2
260:6,6,3,2,4,3,1,7,1,6,1,3,7,1,4,7,7,8,4,4,4,2,7,9,3,6,5,3,7,7
261:9,7,8,2,3,1,2,1,6,5,8,6,4,8,5,6,3,7,3,7,2,8,1,1,6,4,6,2,3,6
262:5,7,1,7,1,1,5,9,4,5,9,2,7,8,4,9,9,8,1,7,1,5,6,2,3,5,4,9,8,7
263:2,8,3,3,2,7,9,9,8,5,2,4,5,9,2,3,8,3,9,8,6,1,1,7,5,9,5,6,3,1
264:3,7,7,6,4,6,7,3,1,7,8,1,8,8,2,2,7,9,4,9,5,5,9,9,7,1,3,4,3,1
265:7,8,3,8,9,4,3,6,7,8,8,8,2,4,3,6,3,3,6,7,8,8,7,5,4,6,4,1,9,9
266:1,6,2,5,3,5,8,1,9,5,7,4,3,3,7,8,3,5,4,7,3,2,9,4,7,4,7,7,7,2
267:6,8,8,5,2,8,9,9,8,8,2,7,2,7,7,1,7,8,4,5,1,5,2,2,6,5,9,7,6,1
268:8,4,5,3,7,2,8,6,3,8,7,1,2,4,3,5,8,7,6,8,8,3,1,1,1,1,9,9,4,2
269:9,6,1,1,1,9,3,5,9,5,4,6,3,1,5,2,1,6,6,4,9,7,8,8,7,8,5,2,5,2
270:1,4,6,3,9,1,8,4,4,2,6,3,8,8,3,3,6,6,1,4,3,4,1,5,2,8,4,8,7,6
271:9,7,3,5,4,1,4,7,1,3,6,4,2,2,5,8,6,8,2,8,9,8,1,3,8,1,8,3,6,4
272:1,5,4,7,6,7,3,3,8,6,2,9,1,5,7,1,5,6,9,1,7,9,9,9,9,1,5,3,5,1
273:9,9,1,7,1,1,4,6,5,8,4,9,5,9,3,1,8,3,9,3,7,8,5,5,2,6,8,7,2,6
274:4,3,1,1,9,2,5,5,6,7,7,4,4,1,4,4,8,3,6,5,1,8,7,5,8,6,7,9,8,1
275:6,8,8,5,2,8,9,9,8,8,2,7,2,7,7,1,7,8,4,5,1,5,2,2,6,5,9,7,6,2
276:6,7,2,9,2,9,4,3,7,1,1,2,6,1,1,2,3,1,7,4,8,2,8,6,7,2,9,6,6,5
277:7,1,2,7,3,7,7,7,1,4,3,7,8,6,5,9,8,5,3,7,3,4,8,9,4,3,1,8,8,9
278:5,8,8,5,4,2,2,9,8,8,6,5,2,2,3,7,7,7,8,5,7,6,9,6,9,5,4,4,3,7
279:3,4,5,7,6,2,6,4,6,9,7,1,2,4,8,5,3,2,4,2,8,4,5,5,8,9,9,8,5,9
280:2,3,3,6,8,5,6,7,5,9,8,2,2,8,9,8,9,1,8,3,8,1,2,5,9,8,3,1,1,6
281:1,5,7,7,1,5,9,7,8,7,7,2,7,8,6,4,2,3,5,9,6,8,1,8,1,9,8,2,4,8
282:7,4,4,8,2,2,4,5,4,3,9,3,6,6,9,9,1,5,8,1,5,6,8,8,3,9,8,1,7,1
283:4,3,6,8,2,4,9,7,6,6,4,2,1,6,5,6,9,2,5,5,2,7,8,6,1,2,5,5,4,1
284:3,4,2,4,9,8,4,4,5,1,1,3,8,4,5,5,8,3,3,8,3,5,1,5,6,7,4,4,7,5
285:3,2,5,8,8,6,3,3,5,3,3,8,5,3,6,7,5,9,8,5,6,3,2,7,5,8,4,8,9,1
286:6,6,6,7,5,9,9,2,2,7,6,7,6,4,5,5,5,6,1,9,5,4,4,7,9,9,7,1,6,6
287:3,4,5,7,6,2,6,4,6,9,7,1,2,4,8,5,3,2,4,2,8,4,5,6,8,9,9,8,5,5
288:9,5,7,8,2,3,4,5,9,1,8,7,7,9,6,2,5,3,4,5,9,8,8,8,3,5,9,7,4,7
289:9,1,1,3,1,6,8,6,7,4,8,2,1,3,1,9,8,7,7,3,3,3,6,6,9,3,9,3,9,7
290:4,9,7,5,4,2,2,4,3,5,2,6,8,4,8,7,6,8,2,7,1,1,4,1,5,2,5,3,5,9
291:3,9,1,1,8,4,6,5,8,7,2,5,5,3,4,4,3,4,5,3,8,1,3,8,4,5,1,2,8,2
292:7,5,3,5,6,8,7,4,9,6,6,9,4,3,3,1,9,7,5,6,1,5,6,7,4,2,5,3,2,2
293:4,5,6,1,8,2,5,2,5,4,1,2,9,6,7,7,6,7,9,3,3,8,8,8,1,6,8,6,3,1
294:2,7,8,7,3,3,6,2,3,4,5,2,6,2,6,4,6,8,5,7,8,7,2,9,2,9,8,7,4,9
295:8,2,5,4,6,1,5,1,8,1,1,2,9,5,5,8,3,5,5,4,6,4,9,1,5,7,8,6,2,1
296:8,3,7,3,3,3,1,9,6,3,7,5,3,2,6,5,2,9,7,6,8,9,6,8,8,3,5,9,6,4
297:9,6,1,7,8,6,9,6,2,3,3,7,6,4,2,5,5,4,8,4,3,5,1,7,5,8,1,3,6,9
298:1,7,5,5,5,6,4,5,4,9,4,5,4,8,2,4,1,8,9,4,5,5,1,5,4,4,9,4,9,6
299:5,5,5,2,8,6,7,2,1,8,7,6,1,8,4,3,9,9,5,7,9,4,2,8,2,3,6,5,3,1
300:8,9,9,4,8,9,4,1,4,4,4,9,9,7,6,2,9,1,8,7,6,6,6,1,1,7,9,2,7,5
301:9,2,1,4,8,4,4,1,2,2,1,8,5,4,9,6,2,4,2,9,5,6,7,3,4,6,1,3,1,7
302:5,4,7,4,4,1,2,4,5,7,6,8,1,6,7,8,6,3,4,9,7,2,4,5,8,3,3,7,5,3
303:9,3,6,6,8,6,9,1,8,1,8,7,8,7,7,7,4,8,8,1,3,7,4,8,5,3,5,6,9,7
304:9,1,8,7,3,6,8,8,1,4,9,2,2,9,7,1,6,7,5,6,9,7,1,5,9,8,6,6,2,1
305:9,3,2,1,6,5,1,9,5,2,5,8,8,8,6,2,4,3,9,5,4,5,4,3,2,4,6,6,7,9
306:9,5,1,7,8,9,9,2,4,8,9,8,6,1,5,1,5,6,6,1,8,2,7,7,8,1,3,1,7,6
307:7,6,4,2,5,6,5,8,6,6,3,3,8,3,8,3,9,9,2,1,5,6,2,7,6,7,9,1,6,4
308:5,2,2,2,9,3,7,8,1,8,8,5,7,8,4,8,4,4,3,4,1,6,5,7,6,3,2,2,6,8
309:3,7,8,3,1,3,3,6,1,7,2,5,7,1,7,6,2,2,6,5,8,3,8,1,3,6,5,1,6,2
310:7,9,4,4,7,3,6,3,9,3,1,3,9,7,4,9,8,5,6,3,1,2,8,2,7,2,6,3,5,2
311:2,5,3,7,6,1,4,2,5,4,9,8,9,6,7,6,7,2,5,5,7,5,5,5,9,4,1,1,5,4
312:4,6,7,5,4,5,1,9,4,7,9,6,6,1,5,4,5,1,7,4,2,1,9,7,7,9,6,9,9,6
313:1,3,3,4,7,2,6,1,6,9,2,2,2,9,9,3,4,7,9,8,4,7,9,9,8,5,7,3,5,1
314:5,9,8,8,9,7,6,3,3,9,7,3,8,9,5,8,1,4,5,2,6,7,3,2,2,7,7,5,8,3
315:2,2,8,3,8,7,3,2,2,9,1,1,1,4,3,7,7,2,9,3,8,7,4,6,9,4,9,7,2,2
316:6,8,1,8,3,5,7,7,2,3,3,1,5,7,7,1,4,4,9,8,1,8,2,7,5,8,7,5,1,6
317:8,4,5,3,7,2,8,6,3,8,7,1,2,4,3,5,8,7,6,8,8,3,1,1,1,1,9,9,4,6
318:9,3,2,8,7,5,3,4,5,5,1,5,4,9,9,7,9,6,5,3,8,4,2,7,9,8,8,5,3,6
319:1,6,5,7,7,1,2,3,4,4,6,7,4,7,2,9,9,6,6,7,5,5,8,5,2,5,6,4,2,7
320:6,3,9,6,4,2,7,7,2,2,8,1,2,7,8,2,7,1,1,8,3,6,3,6,3,5,3,7,4,9
321:5,1,6,2,5,8,4,5,7,5,4,1,4,7,9,4,3,7,1,5,7,4,2,8,6,5,3,2,5,4
322:8,5,9,7,8,4,5,6,3,1,7,9,2,5,5,8,3,9,5,1,8,9,3,7,8,7,4,1,6,2
323:9,2,8,9,3,9,6,4,1,2,7,2,6,9,5,3,6,3,5,8,4,5,6,5,2,6,1,1,4,6
324:6,7,3,5,7,6,2,2,2,5,5,5,9,7,7,9,6,1,5,4,4,1,7,8,2,9,8,2,4,9
325:1,8,9,4,1,8,6,6,4,6,3,1,6,7,8,1,1,6,1,6,7,4,5,5,7,7,8,7,3,1
326:9,2,1,4,8,4,4,1,2,2,1,8,5,4,9,9,2,4,2,9,5,6,7,3,4,6,1,3,1,1
327:1,6,1,4,7,1,2,8,2,7,6,5,4,2,5,3,9,9,5,8,3,6,2,1,2,6,6,8,7,3
328:2,3,5,8,1,1,7,3,2,4,4,1,8,2,6,8,2,8,4,7,3,1,4,2,8,6,9,8,8,1
329:8,8,5,2,9,2,1,3,4,3,2,6,3,3,4,6,1,8,5,9,3,5,6,2,8,7,6,5,7,2
330:4,7,8,5,5,3,5,7,5,8,9,7,2,1,5,8,7,4,2,1,9,6,9,9,1,8,7,5,8,8
331:6,7,3,5,7,6,2,2,2,5,5,5,9,7,7,9,6,1,5,3,4,1,7,8,2,9,8,2,4,9
332:5,6,6,3,3,7,4,2,7,8,5,8,1,2,7,1,9,9,4,1,4,9,3,2,8,5,4,7,9,8
333:9,6,7,5,6,5,1,4,9,1,1,8,5,1,8,5,1,8,1,1,6,5,6,3,6,8,1,9,3,1
334:4,8,8,8,8,7,2,6,4,2,8,6,6,7,9,8,3,7,3,7,2,6,4,5,7,9,3,7,2,8
335:5,2,2,9,7,2,2,2,1,6,1,3,1,3,4,6,1,6,2,7,8,1,7,7,6,4,1,8,3,4
336:8,4,2,4,7,8,2,5,4,8,8,2,1,5,9,5,9,4,9,6,7,3,5,8,7,2,9,5,5,9
337:1,3,3,4,7,2,6,1,6,6,2,2,2,9,9,3,4,7,9,8,4,7,9,9,8,5,7,3,5,3
338:8,9,7,7,3,5,1,2,1,8,2,8,3,6,2,8,5,9,6,2,4,4,9,9,9,7,4,1,5,2
339:5,3,8,6,9,5,9,4,5,3,2,7,3,1,8,6,1,1,9,3,9,4,9,1,9,9,3,3,6,2
340:2,3,3,1,3,3,4,9,3,2,9,1,6,1,5,2,2,7,2,7,2,2,5,1,4,7,5,5,3,4
341:4,2,1,8,8,9,2,9,1,2,4,5,4,2,8,5,1,2,5,8,8,6,2,3,3,9,4,1,4,1
342:5,1,4,3,2,4,6,4,6,4,6,4,2,9,8,1,4,3,7,6,9,6,9,7,1,5,9,6,9,1
343:9,9,3,6,5,8,5,6,9,8,7,8,8,2,1,1,9,6,9,4,6,4,2,8,8,2,9,8,9,9
344:7,5,3,8,6,3,8,9,4,4,9,5,9,2,1,9,4,9,4,5,8,4,8,2,1,9,3,6,9,2
345:3,6,2,7,3,9,2,3,5,1,5,4,9,7,9,5,5,9,7,1,6,3,1,3,6,6,7,9,1,5
346:8,9,4,4,1,8,7,4,7,1,7,5,3,7,5,7,1,3,3,3,3,3,7,2,8,4,4,8,5,6
347:8,8,3,1,5,6,4,9,4,6,8,4,5,1,5,4,4,5,4,5,4,8,8,1,9,9,3,1,6,6
348:8,8,3,1,5,6,4,9,4,6,8,4,5,1,5,4,4,5,4,5,4,8,8,1,9,9,3,1,6,8
349:5,3,5,7,8,9,6,9,3,1,3,4,3,6,8,4,3,3,9,3,8,5,2,3,2,4,2,1,1,9
350:8,2,6,6,1,3,8,8,5,1,2,5,3,8,5,7,2,1,2,3,1,6,5,4,4,3,5,4,7,1
351:9,8,5,7,6,8,9,7,2,7,2,8,1,9,5,6,9,3,4,6,2,8,1,6,3,2,4,3,3,5
352:4,4,4,3,1,2,9,2,2,9,5,8,6,6,8,7,5,7,4,6,9,2,8,7,4,7,9,6,3,3
353:9,8,9,5,3,2,2,2,5,4,2,6,7,2,9,4,4,4,9,7,1,6,9,9,2,9,5,4,8,5
354:8,8,3,1,5,6,4,9,4,6,8,4,5,1,5,4,4,5,4,5,4,8,8,1,9,9,3,1,2,8
355:4,5,8,9,9,2,8,2,1,8,1,6,7,4,9,2,4,5,2,2,5,8,3,4,2,2,3,2,7,3
356:5,3,6,6,4,8,5,2,3,1,4,1,6,8,8,2,1,7,7,5,9,5,1,4,9,9,1,5,1,2
357:1,2,6,5,7,1,3,2,1,7,2,5,7,5,5,3,9,3,2,3,7,9,1,9,1,5,5,7,5,6
358:5,8,8,5,6,6,1,2,1,1,8,7,6,6,4,6,9,8,8,5,1,5,2,3,4,7,6,6,4,1
359:5,7,3,9,6,1,5,1,5,9,2,5,7,4,3,8,8,6,4,3,2,5,9,1,3,1,7,1,4,1
360:3,5,5,2,4,1,8,3,7,2,4,6,2,9,8,7,7,1,6,7,4,5,5,6,2,3,8,7,7,1
361:3,4,5,7,6,2,6,4,6,9,7,1,2,4,8,5,3,2,4,2,8,4,5,5,8,9,9,8,5,5
362:8,9,9,4,8,9,4,1,4,4,4,9,9,7,6,2,9,1,8,7,6,6,6,1,1,7,9,2,1,5
363:5,7,9,6,6,5,2,2,8,9,8,7,4,6,9,1,8,6,6,5,7,9,8,8,8,3,5,4,8,2
364:5,6,7,4,6,2,1,2,4,9,8,1,8,5,2,4,3,9,8,2,7,2,4,2,4,5,9,9,9,9
365:4,3,6,8,2,4,9,7,6,6,4,2,1,6,5,6,9,2,1,5,2,7,8,6,1,2,5,5,4,1
366:7,2,1,1,9,2,9,1,5,2,5,7,6,8,4,5,3,4,4,4,5,5,3,4,8,9,5,7,4,1
367:7,2,4,6,3,8,5,4,3,7,4,5,6,8,1,6,7,2,2,2,3,5,9,5,3,4,8,9,3,7
368:4,9,1,4,6,4,6,9,5,9,4,1,3,1,5,6,6,4,1,4,2,2,8,4,6,9,9,3,2,2
369:9,3,6,3,3,8,3,4,9,5,8,2,8,9,4,9,1,3,6,5,9,3,7,5,9,6,7,6,9,4
370:4,3,1,1,9,2,5,5,8,7,7,4,4,1,4,4,8,3,6,5,1,8,7,5,8,6,7,9,8,7
371:7,9,4,6,5,5,7,5,4,7,9,9,4,5,5,4,9,4,9,2,5,9,8,6,7,2,2,7,8,1
372:7,8,8,3,2,4,3,6,8,3,7,7,3,2,1,6,6,2,5,9,8,7,6,6,7,9,4,1,7,8
373:2,7,3,5,5,6,7,3,2,7,4,8,9,3,2,4,7,3,8,6,2,5,4,2,9,5,6,1,2,3
374:9,3,5,1,8,9,4,9,7,3,1,6,2,7,1,4,5,4,9,1,3,9,3,3,7,7,3,1,7,4
375:8,8,3,6,5,9,7,1,6,6,3,6,4,9,8,9,6,5,7,4,5,9,4,2,4,4,5,1,3,8
376:5,9,7,9,3,4,2,4,7,6,3,4,7,5,5,8,6,2,7,1,4,9,3,8,3,5,5,1,7,1
377:5,9,4,2,4,2,4,7,3,3,4,2,5,8,4,8,7,6,2,6,5,3,5,4,9,3,3,3,9,8
378:7,7,5,1,1,1,1,3,7,2,3,4,3,9,8,9,6,9,3,2,9,1,5,2,8,5,3,2,5,5
379:2,5,3,7,7,1,4,2,5,4,9,8,9,6,7,6,7,2,5,5,7,5,5,5,9,4,1,1,5,4
380:2,7,3,8,2,9,6,7,7,8,1,7,3,2,4,4,9,5,6,6,2,8,1,6,9,6,3,3,1,2
381:1,3,1,9,3,3,3,1,7,6,2,1,3,1,6,2,9,8,2,3,8,9,4,3,2,5,2,6,4,2
382:6,5,3,5,6,8,7,4,9,6,6,9,4,3,3,1,9,7,5,6,1,5,6,7,4,2,5,3,2,2
383:8,3,2,8,3,7,1,4,9,9,5,4,7,6,8,3,8,3,2,7,5,8,6,6,6,6,1,3,4,6
384:1,6,2,5,3,5,8,1,9,5,7,4,3,3,7,8,3,5,4,7,3,2,9,4,7,4,7,7,7,4
385:9,7,6,8,6,9,1,6,9,4,5,5,5,7,8,8,6,1,9,8,9,6,9,1,7,2,5,9,1,9
386:8,2,9,9,3,7,4,2,6,4,4,4,8,6,4,5,7,8,2,4,1,8,6,8,7,6,5,2,7,4
387:4,9,3,7,2,6,4,1,4,8,1,6,6,3,6,5,4,4,3,9,7,2,1,2,5,4,6,6,1,9
388:4,2,1,2,5,2,6,8,3,7,5,8,6,6,2,5,2,3,2,5,5,2,6,9,6,5,7,7,2,3
389:6,1,7,6,9,4,7,4,3,3,6,8,4,7,8,8,9,9,9,3,1,5,8,8,4,1,2,7,3,6
390:5,5,1,7,7,9,9,7,4,5,4,8,6,8,8,7,6,3,8,3,7,4,7,1,6,2,1,6,7,4
391:8,2,9,9,3,7,4,2,6,4,4,4,8,6,4,5,7,8,2,4,1,8,6,8,7,6,5,2,7,9
392:5,2,2,9,7,2,2,2,1,6,1,3,1,3,4,6,1,6,2,7,8,1,7,7,6,4,1,8,3,3
393:4,2,4,9,9,6,3,9,9,1,4,8,1,5,7,1,1,9,1,2,9,4,6,9,8,7,5,2,9,3
394:6,4,2,7,4,2,8,6,7,6,8,5,1,3,8,9,9,1,2,7,9,9,3,3,5,1,4,3,6,9
395:3,4,5,2,5,2,7,6,2,5,3,6,5,8,8,4,8,5,1,5,9,9,3,1,6,1,3,2,2,9
396:7,9,4,4,7,3,6,3,9,3,1,3,9,7,4,9,8,5,6,3,1,2,8,2,7,2,6,3,5,2
397:6,9,8,3,9,9,9,4,4,1,3,3,2,6,1,4,3,2,4,9,2,1,5,2,4,5,8,4,3,4
398:9,6,1,1,2,9,3,5,9,5,4,6,3,1,5,2,1,6,6,4,9,7,8,8,7,8,5,2,5,2
399:9,8,8,7,1,4,7,5,5,4,2,8,2,9,4,2,5,9,4,5,8,7,3,9,4,5,3,4,1,5
400:8,3,7,3,3,3,1,9,6,3,7,5,3,2,6,5,2,9,7,6,8,9,6,8,8,3,5,9,6,4
401:3,4,6,5,9,8,6,4,1,3,2,7,8,4,7,5,1,1,7,3,8,7,4,3,4,4,4,5,7,5
402:1,2,6,5,7,1,3,2,1,7,2,5,7,5,5,5,9,3,2,3,7,9,1,9,1,5,5,7,5,6
403:6,8,8,1,3,1,3,3,3,5,8,5,2,1,7,8,3,5,1,9,6,5,4,2,1,1,1,7,3,7
404:4,8,8,8,8,7,2,6,4,2,8,6,6,7,9,8,3,7,3,7,2,6,4,5,7,9,3,7,2,3
405:1,3,3,4,7,2,6,1,6,9,2,2,2,9,9,3,4,7,9,8,4,7,9,9,8,5,7,3,5,3
406:4,6,7,5,4,5,1,9,4,7,9,6,6,1,4,4,5,1,7,4,2,1,9,7,7,9,6,9,9,6
407:8,3,5,8,8,3,7,1,7,7,7,4,3,4,6,1,3,6,5,1,3,2,9,5,8,7,8,5,5,3
408:1,4,3,2,4,4,6,7,9,6,7,6,3,6,2,8,1,3,3,6,8,7,7,8,2,1,6,8,2,5
409:2,4,7,6,3,8,9,2,5,5,5,1,3,1,5,9,8,7,3,9,6,9,3,9,2,5,2,1,4,3
410:7,3,6,3,9,1,8,8,2,6,4,1,2,6,3,2,4,9,3,3,4,9,1,3,2,6,1,3,6,4
411:6,7,3,3,7,3,8,7,2,9,9,2,2,1,5,6,6,6,8,6,4,1,8,8,9,7,4,5,6,4
412:8,9,6,8,4,9,8,7,2,9,6,6,4,1,9,3,5,4,3,8,7,3,9,3,8,3,8,9,7,6
413:3,8,6,7,1,4,7,8,8,4,8,6,1,5,6,3,9,1,3,9,6,7,5,3,9,4,7,6,7,2
414:6,7,1,8,7,5,5,3,4,8,8,6,4,2,9,8,9,8,5,8,2,8,6,3,2,6,2,3,3,9
415:9,7,6,8,6,9,1,6,9,4,5,5,5,7,8,8,6,1,8,8,9,6,9,1,7,2,5,9,1,3
416:9,5,8,8,2,3,8,3,4,4,9,6,4,6,5,6,7,7,6,7,9,1,5,9,1,4,9,6,5,4
417:6,2,1,6,1,8,7,3,3,7,7,4,9,8,6,4,1,8,3,2,7,4,8,1,5,3,2,8,3,6
418:1,8,8,9,1,2,6,8,4,5,6,2,6,4,3,5,3,5,4,6,6,6,9,7,1,5,8,2,4,7
419:7,5,3,5,6,8,7,4,9,6,6,9,4,3,3,1,9,7,5,6,1,5,6,7,4,2,5,3,2,2
420:2,9,2,3,2,8,9,5,1,8,2,7,3,8,1,4,1,8,5,7,1,2,3,6,6,8,2,7,5,2
421:7,9,7,9,6,3,6,8,5,4,9,1,5,5,9,2,8,2,3,9,6,6,2,8,8,1,6,3,9,1
422:4,5,4,8,3,9,4,3,8,3,6,8,4,1,3,2,5,1,4,1,4,9,7,8,8,1,1,4,8,2
423:3,6,4,3,6,9,8,6,1,1,6,5,1,6,3,5,4,7,1,1,2,7,1,3,9,6,3,2,6,1
424:6,9,8,5,7,8,2,7,1,3,1,7,4,5,6,2,7,9,3,8,4,3,5,7,2,2,4,3,7,7
425:8,9,7,7,3,5,1,2,1,8,2,8,3,6,2,8,5,9,6,2,5,4,9,9,9,7,4,1,5,5
426:5,3,5,1,2,3,3,4,7,8,3,1,8,1,3,1,2,5,1,4,9,2,4,9,9,6,2,8,5,9
427:9,9,3,9,3,4,1,5,1,4,6,8,8,4,1,2,1,8,6,3,2,9,6,6,9,1,6,3,9,5
428:7,7,2,6,7,3,2,5,2,3,4,3,1,1,6,6,9,7,2,7,9,4,1,5,9,7,2,8,8,3
429:8,5,5,6,1,5,4,6,1,6,3,1,7,1,9,5,9,2,7,8,1,7,3,2,1,6,1,7,7,1
430:4,1,8,9,9,6,6,7,9,7,3,5,4,5,8,6,3,6,6,3,7,3,7,6,4,2,6,2,6,2
431:8,1,3,4,4,5,2,6,3,9,5,6,9,2,2,6,8,1,8,3,3,8,8,7,8,9,6,5,3,3
432:4,9,1,4,6,4,6,9,5,9,4,1,3,1,5,6,6,4,1,4,2,2,8,4,6,9,9,3,2,8
433:2,4,4,4,3,8,4,3,4,1,5,9,8,7,6,9,9,4,2,1,1,5,5,1,4,7,1,9,7,4
434:8,9,2,7,1,2,4,9,5,2,9,2,5,9,9,3,3,1,7,9,7,6,1,6,2,5,8,6,1,7
435:2,3,3,6,8,5,6,7,5,9,8,2,2,8,9,8,9,1,8,3,8,1,2,5,9,8,3,1,1,9
436:5,8,8,4,8,2,2,4,5,8,5,1,9,9,1,7,2,6,3,3,9,8,8,9,3,2,5,1,1,1
437:8,2,6,3,8,3,8,1,7,5,1,8,5,2,2,3,4,3,9,7,9,5,1,4,3,6,5,2,9,5
438:8,6,5,7,5,7,7,5,8,9,6,9,5,1,9,7,6,5,8,9,3,8,2,6,9,6,4,4,8,9
439:5,8,5,2,1,8,5,3,2,4,7,5,1,4,5,8,3,9,4,3,4,8,2,6,2,2,3,8,5,4
440:2,2,8,3,8,7,3,2,2,9,1,1,1,4,3,7,7,2,9,3,8,7,4,6,9,4,9,7,2,2
441:4,3,6,8,2,4,9,7,6,6,4,2,1,6,5,6,9,2,1,5,2,7,8,6,1,2,5,5,4,7
442:8,9,8,5,7,8,2,7,1,3,1,7,4,5,6,2,7,9,3,8,4,3,5,7,2,2,4,3,7,7
443:7,8,3,8,9,4,3,6,7,8,8,8,2,4,4,6,3,3,6,7,8,8,7,5,4,6,4,1,9,5
444:1,1,4,1,8,6,6,9,2,2,2,6,4,3,2,3,6,8,1,5,8,4,3,5,1,4,5,8,7,2
445:4,6,7,5,4,5,1,9,4,7,9,6,6,1,4,4,5,1,7,4,2,1,9,7,7,9,6,9,9,2
446:1,5,7,2,1,4,2,6,4,6,2,8,5,9,2,8,6,7,4,7,2,6,9,5,2,7,3,6,8,2
447:9,7,7,9,3,4,4,1,7,4,7,2,4,8,7,4,1,3,7,6,1,3,5,7,3,4,1,3,6,3
448:5,8,8,5,4,2,2,9,8,8,6,5,2,2,3,7,7,7,8,5,7,6,9,6,9,5,4,4,3,7
449:5,3,9,2,1,8,6,7,3,2,3,9,1,1,4,6,4,6,3,2,7,2,9,3,8,6,8,4,8,5
450:2,6,2,3,2,5,3,3,8,8,6,5,5,2,4,4,3,1,2,6,3,7,1,6,8,1,7,1,4,9
451:1,8,2,8,5,5,2,6,3,3,4,5,3,7,4,8,7,8,8,7,4,4,8,4,5,6,3,1,9,4
452:1,4,5,1,8,3,6,8,7,4,2,2,6,3,5,4,6,2,4,8,9,9,1,8,3,8,9,6,5,5
453:3,9,3,2,4,1,8,3,2,6,8,1,8,3,7,3,2,9,6,8,3,7,3,1,2,9,1,3,3,9
454:4,1,4,2,5,5,9,5,1,8,7,8,8,3,9,3,4,3,9,5,3,4,3,7,5,5,4,2,9,4
455:7,3,6,5,9,1,8,8,2,6,4,1,2,6,3,2,4,9,3,3,4,9,1,3,2,6,1,3,6,4
456:9,6,4,2,8,4,8,8,6,4,9,6,3,7,9,6,5,4,2,8,7,1,4,7,3,3,9,8,5,4
457:5,5,8,6,2,7,8,7,1,7,6,9,7,6,8,8,9,1,4,9,2,9,2,7,5,7,8,9,4,1
458:4,3,3,4,4,6,8,1,6,3,7,5,5,8,8,6,4,2,1,2,4,7,8,1,9,9,3,2,6,3
459:3,4,2,5,1,6,2,9,6,6,2,9,9,2,7,1,8,9,4,5,5,7,1,3,8,1,7,4,8,9
460:9,3,5,1,8,9,4,9,7,3,1,6,2,7,1,4,5,4,9,1,3,9,3,3,7,7,3,1,7,7
461:6,7,1,8,7,5,1,3,4,8,8,6,4,2,9,8,9,8,5,8,2,8,6,3,2,6,2,3,3,7
462:3,4,8,2,5,2,7,6,2,5,3,6,5,8,8,4,8,5,1,5,9,9,3,1,6,1,3,2,2,9
463:8,8,5,2,9,2,1,3,4,3,2,6,3,3,4,6,1,8,5,9,3,5,6,2,8,7,6,5,2,2
464:9,7,7,8,7,2,9,2,3,3,2,1,3,6,9,6,6,1,4,3,3,1,2,1,2,5,7,7,2,4
465:6,8,3,7,8,1,9,2,2,3,8,1,3,8,4,2,2,6,5,6,3,1,4,2,2,6,6,4,5,4
466:2,7,3,8,1,9,6,7,7,8,1,7,3,2,4,4,9,5,6,6,2,8,1,6,9,6,3,3,1,1
467:9,8,9,5,3,2,2,2,5,4,2,6,7,2,9,4,4,4,9,7,1,6,9,9,2,9,4,4,8,5
468:9,1,4,8,9,6,6,4,9,7,4,2,5,9,3,7,4,5,6,1,4,6,1,6,5,8,8,6,2,3
469:7,8,2,8,5,5,2,6,3,3,4,5,3,7,4,8,7,8,8,7,4,4,8,4,5,6,3,1,9,4
470:5,9,6,3,5,7,2,3,9,3,6,2,5,5,7,2,7,2,4,2,5,5,1,4,2,1,5,9,9,9
471:6,7,3,3,7,3,8,7,2,9,9,2,2,1,5,6,6,6,8,6,4,1,8,8,9,7,4,5,6,4
472:8,7,7,2,9,4,8,7,3,5,1,4,4,8,9,2,1,4,7,8,2,9,6,3,7,7,1,3,4,9
473:9,6,7,5,6,5,1,4,9,1,1,8,5,1,8,5,1,8,1,1,6,5,6,3,5,8,1,9,3,1
474:2,2,1,6,9,8,9,1,6,1,9,4,3,1,4,2,5,1,6,6,2,9,4,1,7,4,8,8,9,8
475:2,2,8,3,8,7,3,2,2,9,1,1,1,4,3,7,7,2,9,3,4,7,4,6,9,4,9,7,2,2
476:4,8,8,8,8,7,2,6,4,2,8,6,6,7,9,8,3,7,3,7,2,6,4,5,7,9,3,7,2,3
477:4,2,5,2,5,6,3,6,1,9,8,3,1,8,7,4,6,5,7,7,7,7,5,6,4,4,4,6,7,8
478:8,4,2,4,7,8,2,5,4,8,8,2,1,5,9,5,9,4,9,6,7,3,5,8,7,2,9,4,5,9
479:6,9,8,5,7,8,2,7,1,3,1,7,4,5,6,2,7,9,3,8,4,3,5,7,2,2,4,3,7,8
480:8,9,9,4,8,9,4,1,4,4,4,9,9,7,6,2,9,1,8,7,6,6,6,1,1,7,9,2,1,3
481:6,8,3,7,8,1,9,2,2,3,8,1,3,8,4,1,2,6,5,6,3,1,4,2,2,6,6,4,5,9
482:4,7,6,1,3,9,2,6,7,6,7,3,1,9,4,4,9,2,5,5,5,4,3,4,6,4,6,1,9,8
483:2,4,4,4,3,8,4,3,4,1,5,9,8,7,6,2,9,4,2,1,1,5,5,1,4,7,1,9,7,4
484:1,9,9,1,5,1,9,3,6,7,2,7,3,8,1,8,3,2,3,3,9,7,1,1,8,4,4,7,3,8
485:3,2,7,5,3,8,5,7,9,1,9,3,8,3,3,3,7,1,8,9,2,8,5,7,3,9,7,3,8,1
486:9,7,7,8,7,2,9,2,3,3,2,1,3,6,9,6,7,1,4,3,3,1,2,1,2,5,7,7,2,4
487:8,3,7,3,3,3,1,9,6,3,7,5,3,7,6,5,2,9,7,6,8,9,6,8,8,3,5,9,6,4
488:9,9,3,9,7,8,4,6,5,2,5,4,7,3,7,9,5,8,9,2,5,6,2,8,7,5,3,5,8,9
489:5,2,7,1,2,7,7,4,8,6,5,8,1,3,9,1,7,5,1,4,6,2,6,4,5,6,4,2,5,7
490:4,5,3,1,9,6,9,6,7,4,3,3,4,5,4,5,8,7,9,4,8,2,1,3,1,1,7,8,3,9
491:5,5,8,5,4,8,9,3,5,4,9,9,9,2,7,9,6,2,5,3,3,1,5,3,7,8,8,1,4,2
492:4,1,6,8,5,6,5,2,3,6,8,9,1,5,3,1,1,2,5,7,6,3,3,4,8,9,1,5,7,8
493:7,6,4,2,5,6,5,8,6,6,3,3,8,3,8,3,9,9,2,1,5,6,2,7,6,7,9,1,6,4
494:6,1,6,3,7,7,6,7,4,3,9,2,1,7,3,4,3,1,6,5,6,5,9,9,8,3,8,2,6,7
495:4,3,4,7,3,8,9,7,6,9,5,8,5,3,7,2,6,4,2,6,8,9,7,5,2,5,5,9,5,5
496:6,6,3,2,4,3,1,7,1,6,1,3,7,1,4,7,7,8,4,4,4,2,7,9,3,6,5,3,7,1
497:4,2,7,3,9,8,4,2,2,3,4,4,5,6,9,3,4,8,9,4,9,8,2,7,2,2,1,1,6,3
498:1,6,5,7,7,1,2,3,4,4,6,7,7,7,2,9,9,6,6,7,5,5,8,5,2,5,6,4,2,7
499:8,4,2,4,7,8,2,5,4,8,8,2,1,5,9,5,9,4,9,6,7,3,5,8,7,2,9,5,5,8
500:2,7,3,5,5,6,7,3,2,7,4,8,9,3,2,4,7,3,8,6,2,5,4,5,9,5,6,1,2,3