1:7,1,3,6,7,7,2,5,4,1,6,9,8,9,9,2,2,1,2,2,7,3,9,1,7,2,7,1,1,1
2:5,7,4,6,9,6,5,3,6,8,2,9,4,9,9,3,2,7,9,2,5,4,8,2,7,2,5,8,2,9
3:6,2,7,1,3,3,8,3,8,4,7,1,7,8,4,3,6,2,7,8,3,2,8,7,9,2,9,6,3,5
4:7,5,9,5,1,4,4,8,1,3,5,3,9,9,6,4,8,3,8,7,4,8,7,7,8,2,1,2,3,4
5:3,9,1,9,5,2,4,6,5,2,4,7,3,8,2,2,3,1,8,3,9,3,9,5,4,9,2,5,6,5
6:4,2,5,9,1,7,9,9,2,7,8,9,6,3,8,3,3,9,5,1,5,6,4,6,1,2,9,8,5,5
7:9,7,6,6,8,3,5,9,7,8,8,2,7,8,7,8,5,2,4,8,2,7,1,9,6,1,2,3,4,9
8:1,3,9,7,3,9,9,6,2,6,6,9,9,2,1,5,4,1,3,7,2,8,9,8,6,9,4,9,1,4
9:1,9,8,3,8,7,7,3,6,8,8,4,4,8,6,3,5,9,5,6,6,7,5,4,4,1,8,1,5,6
10:9,9,3,8,3,1,3,8,2,5,4,8,8,8,6,9,6,3,2,6,9,5,8,9,3,9,1,1,9,8
11:7,4,5,1,1,6,5,9,4,3,2,9,6,9,9,1,7,3,6,2,6,3,7,3,7,8,7,6,3,5
12:3,2,2,9,7,1,5,9,9,5,9,1,6,7,1,5,5,4,7,6,8,5,3,6,1,9,6,2,7,7
13:5,2,2,7,8,5,9,7,6,4,3,1,6,7,6,8,3,9,8,1,1,2,9,2,1,5,6,8,3,2
14:2,1,2,5,8,7,6,3,1,3,6,4,5,3,2,9,5,7,8,5,8,9,9,3,8,9,7,8,8,5
15:4,6,9,1,7,7,7,1,3,8,2,6,6,7,5,5,4,1,3,8,1,7,9,7,7,2,9,7,7,1
16:5,2,5,5,7,8,3,3,2,6,6,3,9,6,5,9,1,6,8,6,5,7,5,4,8,9,9,7,1,8
17:1,5,9,9,5,3,3,7,1,6,5,8,7,2,1,5,7,6,7,7,4,1,8,7,5,8,4,3,5,9
18:3,5,1,9,2,2,1,9,5,6,7,1,7,5,7,3,1,8,9,8,8,4,7,4,2,5,3,3,2,3
19:1,4,3,2,6,7,3,3,3,4,1,1,6,8,1,5,1,6,2,1,6,4,8,9,7,5,2,6,8,1
20:3,9,9,4,8,8,2,6,1,1,2,5,5,8,7,7,3,1,2,8,2,4,8,5,4,4,5,6,7,4
21:6,4,8,6,9,4,4,7,7,1,7,8,3,1,7,3,4,9,9,3,4,9,6,3,4,2,5,9,3,9
22:3,1,5,3,9,7,3,3,2,3,8,9,5,8,9,8,6,7,7,9,7,2,3,9,1,3,6,3,7,7
23:7,5,1,2,7,4,4,6,1,5,8,9,2,8,6,8,4,1,4,3,6,1,8,6,9,5,9,1,5,5
24:7,7,8,2,4,9,1,8,3,9,2,6,2,7,3,3,7,1,9,4,7,6,5,1,5,5,6,7,2,8
25:7,2,7,1,6,6,4,2,3,5,6,2,7,3,4,6,1,4,5,6,1,7,6,6,8,2,8,5,9,9
26:2,3,2,9,4,4,1,3,1,7,7,4,1,4,6,7,4,9,7,9,5,5,9,4,6,4,6,3,4,6
27:8,9,6,9,2,6,9,5,6,2,4,6,3,5,2,7,7,4,1,4,1,2,5,1,3,2,4,1,7,1
28:6,7,4,4,3,2,7,8,3,1,3,4,6,5,5,5,2,9,2,3,5,8,8,6,6,3,8,9,3,4
29:8,6,8,2,1,7,7,4,4,4,4,2,4,3,8,5,7,5,3,7,3,7,2,2,2,4,6,8,6,6
30:1,2,9,2,9,5,4,6,2,5,2,2,7,5,9,5,7,4,8,7,3,9,1,2,5,5,3,7,5,5
31:6,5,5,2,1,9,2,1,5,2,3,1,5,2,8,5,1,6,8,1,2,1,7,5,9,1,3,7,2,3
32:4,7,1,3,3,7,8,4,2,3,1,6,5,1,7,3,7,1,4,7,4,7,3,2,6,6,2,2,4,8
33:7,1,5,3,3,2,9,9,5,5,3,9,6,3,7,2,1,6,1,2,5,6,8,3,2,5,3,5,3,5
34:7,4,8,2,3,7,9,5,4,8,3,2,4,6,7,4,1,5,3,6,4,9,5,1,7,3,3,8,8,2
35:2,4,7,5,3,8,8,9,4,3,1,3,8,1,4,9,6,7,1,7,4,5,2,6,2,9,8,6,2,8
36:9,7,4,1,9,3,6,6,4,1,3,1,5,2,4,1,3,6,9,9,7,4,8,3,9,1,1,6,4,3
37:4,8,9,8,1,1,3,3,7,5,4,9,4,1,8,7,2,6,5,6,5,9,7,4,6,5,7,1,2,6
38:2,7,6,6,2,9,2,8,4,2,4,3,1,3,3,1,6,7,4,5,4,7,7,8,8,8,1,8,1,4
39:6,6,2,9,1,7,4,7,7,7,8,8,5,2,5,9,4,7,9,8,4,3,2,6,4,3,5,5,9,5
40:4,9,5,7,1,8,4,7,1,3,2,4,7,6,5,2,6,7,9,1,2,3,6,5,3,7,4,9,7,9
41:2,8,9,3,9,6,7,4,5,8,1,6,2,1,5,9,5,1,9,5,8,8,4,5,3,3,9,9,3,2
42:9,8,5,9,6,3,8,6,6,7,7,2,4,5,8,2,5,7,1,7,6,3,8,3,7,1,2,8,7,1
43:4,6,2,3,5,7,7,5,4,1,8,4,1,9,8,3,5,4,8,7,4,8,1,9,8,7,1,2,9,4
44:6,1,8,4,3,1,8,2,6,4,2,5,5,3,3,7,4,1,4,5,5,8,6,7,5,8,6,5,1,2
45:8,5,1,8,9,2,2,3,9,7,8,7,1,4,8,3,9,1,2,2,4,6,2,4,2,2,3,4,2,7
46:7,8,4,3,5,2,2,7,1,3,2,5,8,3,9,3,6,2,1,2,7,1,6,4,6,8,4,6,9,8
47:1,6,1,5,8,4,1,8,1,8,6,6,1,1,9,9,2,3,5,8,9,8,8,3,3,4,3,8,3,9
48:4,6,8,3,7,7,1,3,8,9,8,9,4,6,5,5,9,2,2,3,8,1,4,6,7,6,5,9,4,2
49:7,2,5,7,4,4,1,6,5,9,9,8,9,4,5,2,4,7,3,2,5,9,4,7,4,8,2,6,5,2
50:1,1,4,3,1,1,7,5,7,7,3,1,3,3,3,4,5,2,3,8,1,3,3,7,2,6,5,7,2,4
51:9,7,6,5,7,3,8,2,8,6,2,2,6,4,2,1,3,8,4,8,5,3,2,7,9,5,7,3,4,1
52:2,6,8,1,1,3,6,3,6,3,4,3,2,7,7,4,5,7,9,1,2,7,3,3,9,1,6,2,7,6
53:7,2,5,4,8,2,3,9,7,4,3,3,3,4,7,5,8,2,3,1,9,2,9,4,4,9,4,8,3,4
54:1,2,9,4,4,3,8,9,7,6,1,6,6,6,9,4,4,1,1,8,9,4,6,7,4,6,5,7,8,5
55:8,5,8,8,2,8,5,9,1,3,2,3,4,9,8,9,2,2,5,5,4,9,5,9,2,4,4,1,7,7
56:5,5,9,5,3,9,7,3,6,8,1,7,6,8,8,9,1,4,6,3,7,9,2,1,3,7,5,7,8,9
57:5,6,4,1,8,3,7,9,6,4,1,4,6,7,8,9,9,3,3,1,2,9,4,9,5,6,6,9,9,1
58:9,5,5,3,3,9,6,4,8,2,7,3,1,2,4,9,7,9,8,1,3,5,7,7,5,5,3,1,8,8
59:1,6,5,9,3,1,5,8,4,8,9,5,6,6,3,7,2,9,8,6,7,4,7,9,6,9,3,9,5,8
60:4,4,6,2,8,4,3,9,1,9,7,6,4,1,5,3,7,8,4,2,9,6,2,2,1,1,9,4,3,8
61:9,8,5,3,3,2,8,8,4,1,3,4,3,2,8,1,3,7,3,5,9,9,1,8,4,3,2,8,9,4
62:8,6,3,9,1,4,3,3,7,6,3,8,5,7,7,4,2,4,8,6,8,6,1,6,7,1,4,3,3,2
63:4,5,4,1,6,9,5,7,8,1,8,2,1,9,4,9,8,3,2,2,4,5,2,2,1,2,3,9,6,7
64:1,6,3,5,9,6,6,9,3,9,6,1,2,1,3,8,6,6,8,7,7,1,5,8,6,5,6,7,1,8
65:7,4,3,8,4,8,5,7,1,2,7,3,9,5,1,7,8,7,3,5,9,3,1,9,3,9,4,1,1,9
66:8,8,7,1,3,3,9,3,4,6,1,5,1,3,4,1,5,2,6,2,8,4,2,8,9,9,7,7,8,5
67:8,2,6,1,9,5,4,8,4,2,6,1,6,9,6,1,9,5,2,7,6,2,9,6,8,7,5,7,2,2
68:4,6,7,2,4,9,1,3,6,3,4,2,4,7,9,8,8,6,4,8,8,1,6,7,6,4,7,5,2,9
69:8,2,2,4,5,1,9,7,4,6,8,5,4,9,9,2,8,1,4,2,8,9,6,8,6,5,2,2,4,7
70:2,2,3,3,3,8,2,9,1,3,8,3,8,8,4,1,2,2,3,8,9,5,8,3,3,8,6,9,2,6
71:2,1,8,9,4,9,9,9,2,7,6,2,9,9,7,5,8,4,3,8,5,7,8,2,9,2,1,3,2,7
72:6,9,5,1,2,8,7,7,9,4,8,9,7,3,8,9,4,9,1,7,2,2,7,5,8,1,7,2,2,1
73:9,7,8,5,9,1,8,4,7,5,6,8,8,9,5,5,1,1,2,8,2,1,5,9,4,4,3,2,9,4
74:7,4,5,6,7,2,4,4,7,6,6,1,5,4,5,3,3,6,2,3,1,1,4,3,1,3,6,7,4,7
75:9,3,9,5,1,2,1,8,2,4,4,3,5,2,9,2,3,1,3,3,7,5,8,1,5,2,6,9,8,3
76:4,8,7,2,6,4,7,8,7,3,7,2,5,4,6,6,3,9,4,8,7,3,6,6,2,4,1,7,2,1
77:9,8,4,4,9,4,5,8,5,9,1,2,2,1,7,9,7,2,8,8,2,5,3,5,7,5,2,9,4,9
78:7,2,7,2,9,7,9,4,4,5,2,7,5,8,5,9,1,8,1,3,3,8,7,6,1,8,8,4,6,2
79:9,5,1,6,3,9,8,7,7,9,6,8,8,2,5,2,8,8,8,5,2,9,6,8,8,6,8,1,1,2
80:7,8,2,5,6,8,5,5,2,9,4,2,3,2,1,1,3,8,3,7,6,3,3,5,1,6,3,1,9,1
81:5,5,5,1,5,5,9,1,2,7,6,5,8,9,1,4,3,8,3,2,8,5,7,5,1,2,3,4,5,7
82:7,4,2,9,3,7,9,9,6,1,7,7,1,1,6,9,5,1,2,7,7,4,9,3,6,7,8,4,9,2
83:7,5,5,7,7,2,8,7,3,9,5,4,9,7,9,1,5,3,6,2,4,5,7,3,4,9,8,2,1,7
84:5,2,3,7,7,8,8,8,3,5,6,1,2,4,7,7,1,7,4,9,3,5,2,1,3,6,1,4,6,8
85:4,7,7,9,3,4,8,9,7,9,1,2,2,2,1,3,8,8,3,8,6,3,2,6,3,3,3,2,4,7
86:9,1,6,3,7,8,2,4,9,5,8,5,6,2,4,9,5,6,6,1,7,7,4,5,7,9,3,5,6,4
87:8,3,3,9,6,6,8,5,5,9,3,2,1,6,8,7,5,3,9,2,4,6,4,7,7,4,1,4,1,2
88:7,4,3,8,7,4,5,6,8,8,5,7,7,3,9,3,3,3,2,5,6,1,7,8,5,9,9,4,5,3
89:5,9,7,2,6,9,4,6,2,9,6,9,4,6,4,6,5,4,1,2,3,8,7,8,9,5,1,4,7,9
90:6,3,8,9,8,2,2,9,1,6,4,6,7,2,7,7,3,9,6,7,7,4,5,1,5,9,8,2,7,6
91:7,1,4,8,8,1,4,4,7,4,4,2,6,6,2,5,3,3,6,6,5,5,3,3,9,5,7,6,4,5
92:6,5,7,3,1,9,7,4,7,7,8,3,2,7,9,1,7,9,4,9,1,8,5,8,6,6,9,4,8,5
93:8,9,4,3,9,3,6,5,3,8,7,4,2,4,6,3,1,7,6,7,4,3,2,7,6,4,1,4,2,9
94:7,2,7,7,7,2,6,8,9,7,9,2,5,8,1,1,8,4,5,7,7,5,1,3,1,2,6,6,3,1
95:6,6,8,2,9,1,3,4,7,9,2,7,4,5,6,1,7,9,7,4,3,6,3,2,3,8,5,9,3,4
96:4,4,3,7,2,3,1,6,6,4,1,3,6,9,9,1,1,7,3,6,3,1,4,7,7,5,8,9,6,9
97:1,3,1,3,6,4,3,6,8,5,1,4,4,9,6,2,1,7,2,5,9,7,4,8,7,5,3,6,8,8
98:9,4,7,3,4,1,9,8,2,1,7,2,9,3,7,1,7,7,1,8,7,1,3,1,5,7,4,9,6,6
99:4,5,5,5,5,8,9,7,2,7,6,2,8,7,7,8,2,7,4,7,6,1,6,2,6,9,5,6,8,2
100:7,1,2,4,3,5,7,7,2,6,6,3,7,1,5,8,6,3,6,7,3,6,8,9,5,3,5,2,9,6